34	34	34	34	34	34	34	34	34	34	34	34	34	34	34	34	34	34	34	34	34	34	34	34	34	30	30	30	30	30	30	30	30	30	30	30	30	30	30	7	7	7	7	7	7	7	7	7	47	47	47	47	47	47	47	47	47	1	1	1	1	1	1	1	1	1	1	1	1	1	1	1	1	1	1	1	1	1	1	1	1	1	1	1	1	1	1	1	1	1	1	1	49	49	49	49	49	49	49	49	49
34	34	34	34	34	34	34	34	34	34	34	34	34	34	34	34	34	34	34	34	34	34	34	34	30	30	30	30	30	30	30	30	30	30	30	30	30	30	7	7	7	7	7	7	7	7	7	7	7	47	47	47	47	47	47	47	47	47	1	1	1	1	1	1	1	1	1	1	1	1	1	1	1	1	1	1	1	1	1	1	1	1	1	1	1	1	1	1	1	1	2	49	49	49	49	49	49	49	49	49	49
34	34	34	34	34	34	34	34	34	34	34	34	34	34	34	34	34	34	34	34	34	34	34	30	30	30	30	30	30	30	30	30	30	30	30	30	30	30	7	7	7	7	7	7	7	7	7	7	7	47	47	47	47	47	47	47	47	47	47	1	1	1	1	1	1	1	1	1	1	1	1	1	1	1	1	1	1	1	1	1	1	1	1	1	1	1	1	2	2	2	2	49	49	49	49	49	49	49	49	49	49
34	34	34	34	34	34	34	34	34	34	34	34	34	34	34	34	34	34	34	34	34	34	30	30	30	30	30	30	30	30	30	30	30	30	30	30	30	30	7	7	7	7	7	7	7	7	7	7	7	7	47	47	47	47	47	47	47	47	47	47	1	1	1	1	1	1	1	1	1	1	1	1	1	1	1	1	1	1	1	1	1	1	1	2	2	2	2	2	2	2	2	49	49	49	49	49	49	49	49	49	49
34	34	34	34	34	34	34	34	34	34	34	34	34	34	34	34	34	34	34	13	13	13	30	30	30	30	30	30	30	30	30	30	30	30	30	30	30	30	7	7	7	7	7	7	7	7	7	7	7	7	47	47	47	47	47	47	47	47	47	47	47	1	1	1	1	1	1	1	1	1	1	1	1	1	1	1	1	1	1	1	2	2	2	2	2	2	2	2	2	2	49	49	49	49	49	49	49	49	49	49	49
34	34	34	34	34	34	34	34	34	34	34	34	34	13	13	13	13	13	13	13	13	13	30	30	30	30	30	30	30	30	30	30	30	30	30	30	30	7	7	7	7	7	7	7	7	7	7	7	7	7	7	47	47	47	47	47	47	47	47	47	47	47	1	1	1	1	1	1	1	1	1	1	1	1	1	1	1	2	2	2	2	2	2	2	2	2	2	2	2	2	49	49	49	49	49	49	49	49	49	49	49
34	34	34	34	34	34	34	13	13	13	13	13	13	13	13	13	13	13	13	13	13	13	30	30	30	30	30	30	30	30	30	30	30	30	30	30	30	7	7	7	7	7	7	7	7	7	7	7	7	7	7	47	47	47	47	47	47	47	47	47	47	47	47	1	1	1	1	1	1	1	1	1	1	1	2	2	2	2	2	2	2	2	2	2	2	2	2	2	2	49	49	49	49	49	49	49	49	49	49	49	49
34	13	13	13	13	13	13	13	13	13	13	13	13	13	13	13	13	13	13	13	13	13	30	30	30	30	30	30	30	30	30	30	30	30	30	30	18	7	7	7	7	7	7	7	7	7	7	7	7	7	7	7	47	47	47	47	47	47	47	47	47	47	47	47	1	1	1	1	1	1	2	2	2	2	2	2	2	2	2	2	2	2	2	2	2	2	2	2	2	49	49	49	49	49	49	49	49	49	49	49	49
13	13	13	13	13	13	13	13	13	13	13	13	13	13	13	13	13	13	13	13	13	13	30	30	30	30	30	30	30	30	30	30	30	30	18	18	18	18	7	7	7	7	7	7	7	7	7	7	7	7	7	7	7	47	47	47	47	47	47	47	47	47	47	47	47	1	1	2	2	2	2	2	2	2	2	2	2	2	2	2	2	2	2	2	2	2	2	2	49	49	49	49	49	49	49	49	49	49	49	49	49
13	13	13	13	13	13	13	13	13	13	13	13	13	13	13	13	13	13	13	13	13	13	30	30	30	30	30	30	30	30	30	30	30	18	18	18	18	18	7	7	7	7	7	7	7	7	7	7	7	7	7	7	7	47	47	47	47	47	47	47	47	47	47	47	47	2	2	2	2	2	2	2	2	2	2	2	2	2	2	2	2	2	2	2	2	2	2	2	49	49	49	49	49	49	49	49	49	49	49	49	49
13	13	13	13	13	13	13	13	13	13	13	13	13	13	13	13	13	13	13	13	13	13	30	30	30	30	30	30	30	30	30	30	18	18	18	18	18	18	18	7	7	7	7	7	7	7	7	7	7	7	7	7	7	7	47	47	47	47	47	47	47	47	47	47	2	2	2	2	2	2	2	2	2	2	2	2	2	2	2	2	2	2	2	2	2	2	2	49	49	49	49	49	49	49	49	49	49	49	49	49	49
13	13	13	13	13	13	13	13	13	13	13	13	13	13	13	13	13	13	13	13	13	13	30	30	30	30	30	30	30	30	30	18	18	18	18	18	18	18	18	7	7	7	7	7	7	7	7	7	7	7	7	7	7	7	47	47	47	47	47	47	47	47	47	2	2	2	2	2	2	2	2	2	2	2	2	2	2	2	2	2	2	2	2	2	2	32	32	49	49	49	49	49	49	49	49	49	49	49	49	49	49
13	13	13	13	13	13	13	13	13	13	13	13	13	13	13	13	20	20	20	20	20	20	20	20	30	30	30	30	30	30	18	18	18	18	18	18	18	18	18	7	7	7	7	7	7	7	7	7	7	7	7	7	7	7	7	47	47	47	47	47	47	47	2	2	2	2	2	2	2	2	2	2	2	2	2	2	2	2	2	2	2	2	32	32	32	32	32	49	49	49	49	49	49	49	49	49	49	49	49	49	49
14	14	14	14	14	13	13	20	20	20	20	20	20	20	20	20	20	20	20	20	20	20	20	20	20	20	30	30	29	29	18	18	18	18	18	18	18	18	18	18	7	7	7	7	7	7	7	7	7	7	7	7	7	7	7	7	47	47	47	47	47	2	2	2	2	2	2	2	2	2	2	2	2	2	2	2	2	2	2	32	32	32	32	32	32	32	49	49	49	49	49	49	49	49	49	49	49	49	49	49	49
14	14	14	14	14	14	14	14	20	20	20	20	20	20	20	20	20	20	20	20	20	20	20	20	20	20	20	29	29	29	18	18	18	18	18	18	18	18	18	18	7	7	7	7	7	7	7	7	7	7	7	7	7	7	7	7	47	47	47	47	2	2	2	2	2	2	2	2	2	2	2	2	2	2	2	2	32	32	32	32	32	32	32	32	32	32	49	49	49	49	49	49	49	49	49	49	49	49	49	49	49
14	14	14	14	14	14	14	14	14	14	14	20	20	20	20	20	20	20	20	20	20	20	20	20	20	20	20	29	29	29	29	18	18	18	18	18	18	18	18	18	7	7	7	7	7	7	7	7	7	7	7	7	7	7	7	7	7	47	2	2	2	2	2	2	2	2	2	2	2	2	2	2	2	32	32	32	32	32	32	32	32	32	32	32	32	32	49	49	49	49	49	49	49	49	49	49	49	49	49	49	49
14	14	14	14	14	14	14	14	14	14	14	14	14	20	20	20	20	20	20	20	20	20	20	20	20	20	29	29	29	29	29	18	18	18	18	18	18	18	18	18	18	7	7	7	7	7	7	7	7	7	7	7	7	7	7	7	7	2	2	2	2	2	2	2	2	2	2	2	2	2	32	32	32	32	32	32	32	32	32	32	32	32	32	32	32	49	49	49	49	49	49	49	49	49	49	49	49	49	49	49	49
14	14	14	14	14	14	14	14	14	14	14	14	14	14	14	14	20	20	20	20	20	20	20	20	20	20	29	29	29	29	29	29	18	18	18	18	18	18	18	18	18	7	7	7	7	7	7	7	7	7	7	7	7	7	7	7	7	2	2	2	2	2	2	2	2	2	2	32	32	32	32	32	32	32	32	32	32	32	32	32	32	32	32	32	32	49	49	49	49	49	49	49	49	49	49	49	49	49	49	49	49
14	14	14	14	14	14	14	14	14	14	14	14	14	14	14	14	14	14	20	20	20	20	20	20	20	20	29	29	29	29	29	29	18	18	18	18	18	18	18	18	18	7	7	7	7	7	7	7	7	7	7	7	7	7	7	7	7	2	2	2	2	2	2	2	32	32	32	32	32	32	32	32	32	32	32	32	32	32	32	32	32	32	32	32	32	49	49	49	49	49	49	49	49	49	49	49	49	49	49	49	49
31	14	14	14	14	14	14	14	14	14	14	14	14	14	14	14	14	14	14	14	14	20	20	20	20	20	29	29	29	29	29	29	29	18	18	18	18	18	18	18	18	18	7	7	7	7	7	7	7	7	7	7	7	7	7	7	7	2	2	2	2	32	32	32	32	32	32	32	32	32	32	32	32	32	32	32	32	32	32	32	32	32	32	32	49	49	49	49	49	49	49	49	49	49	49	49	49	49	49	49	49
31	31	14	14	14	14	14	14	14	14	14	14	14	14	14	14	14	14	14	14	14	14	14	20	20	29	29	29	29	29	29	29	29	18	18	18	18	18	18	18	18	18	7	7	7	7	7	7	7	7	7	7	7	7	7	7	7	2	32	32	32	32	32	32	32	32	32	32	32	32	32	32	32	32	32	32	32	32	32	32	32	32	32	32	49	49	49	49	49	49	49	49	49	49	49	49	49	49	49	49	49
31	31	14	14	14	14	14	14	14	14	14	14	14	14	14	14	14	14	14	14	14	14	14	14	14	29	29	29	29	29	29	29	29	29	18	18	18	18	18	18	18	18	7	7	7	7	7	7	7	7	7	7	23	23	23	23	23	23	32	32	32	32	32	32	32	32	32	32	32	32	32	32	32	32	32	32	32	32	32	32	32	32	32	32	49	49	49	49	49	49	49	49	49	49	49	49	49	49	49	49	49
31	31	31	14	14	14	14	14	14	14	14	14	14	14	14	14	14	14	14	14	14	14	14	14	14	29	29	29	29	29	29	29	29	29	18	18	18	18	18	18	18	18	18	7	7	7	23	23	23	23	23	23	23	23	23	23	23	23	32	32	32	32	32	32	32	32	32	32	32	32	32	32	32	32	32	32	32	32	32	32	32	32	32	49	49	49	49	49	49	49	49	49	49	49	49	49	49	49	49	49	49
31	31	31	31	14	14	14	14	14	14	14	14	14	14	14	14	14	14	14	14	14	14	14	14	14	29	29	29	29	29	29	29	29	29	29	18	18	18	18	18	18	18	18	23	23	23	23	23	23	23	23	23	23	23	23	23	23	23	23	32	32	32	32	32	32	32	32	32	32	32	32	32	32	32	32	32	32	32	32	32	32	32	32	49	49	49	49	49	49	49	49	49	49	49	49	49	49	49	49	49	49
31	31	31	31	31	14	14	14	14	14	14	14	14	14	14	14	14	14	14	14	14	14	14	14	14	14	29	29	29	29	29	29	29	29	29	18	18	18	18	18	18	18	23	23	23	23	23	23	23	23	23	23	23	23	23	23	23	23	23	53	35	35	35	35	35	35	35	35	32	32	32	32	32	32	32	32	32	32	32	32	32	32	32	49	49	49	49	49	49	49	49	49	49	49	49	49	49	49	49	49	49
31	31	31	31	31	31	14	14	14	14	14	14	14	14	14	14	14	14	14	14	14	14	14	14	14	14	29	29	29	29	29	29	29	29	29	29	18	18	18	18	18	23	23	23	23	23	23	23	23	23	23	23	23	23	23	23	23	23	23	53	53	35	35	35	35	35	35	35	35	35	35	35	35	35	35	35	35	35	35	35	32	32	49	49	49	49	49	49	49	49	49	49	49	49	49	49	49	49	49	49	49
31	31	31	31	31	31	31	14	14	14	14	14	14	14	14	14	14	14	14	14	14	14	46	46	46	46	46	29	29	29	29	29	29	29	29	29	18	18	18	18	18	23	23	23	23	23	23	23	23	23	23	23	23	23	23	23	23	23	23	53	53	53	35	35	35	35	35	35	35	35	35	35	35	35	35	35	35	35	35	35	35	35	49	49	49	49	49	49	49	49	49	49	49	49	49	49	49	49	49	49	49
31	31	31	31	31	31	31	31	14	14	14	14	14	14	14	14	14	14	46	46	46	46	46	46	46	46	46	46	29	29	29	29	29	29	29	29	29	18	18	18	23	23	23	23	23	23	23	23	23	23	23	23	23	23	23	23	23	23	23	53	53	53	53	35	35	35	35	35	35	35	35	35	35	35	35	35	35	35	35	35	35	35	49	49	49	49	49	49	49	49	49	49	49	49	49	49	49	49	49	49	49
31	31	31	31	31	31	31	31	31	14	14	14	14	14	14	46	46	46	46	46	46	46	46	46	46	46	46	46	46	51	51	51	51	51	51	51	51	51	18	23	23	23	23	23	23	23	23	23	23	23	23	23	23	23	23	23	23	23	23	53	53	53	53	53	35	35	35	35	35	35	35	35	35	35	35	35	35	35	35	35	35	35	49	49	49	49	49	49	49	49	49	49	49	49	49	49	49	49	49	49	49
31	31	31	31	31	31	31	31	31	31	14	46	46	46	46	46	46	46	46	46	46	46	46	46	46	46	46	46	51	51	51	51	51	51	51	51	51	51	51	23	23	23	23	23	23	23	23	23	23	23	23	23	23	23	23	23	23	23	23	53	53	53	53	53	53	35	35	35	35	35	35	35	35	35	35	35	35	35	35	35	35	35	35	49	49	49	49	49	49	49	49	49	49	49	49	49	49	49	49	49	49
31	31	31	31	31	31	31	31	31	31	46	46	46	46	46	46	46	46	46	46	46	46	46	46	46	46	46	46	51	51	51	51	51	51	51	51	51	51	51	16	16	23	23	23	23	23	23	23	23	23	23	23	23	23	23	23	23	23	23	53	53	53	53	53	53	53	35	35	35	35	35	35	35	35	35	35	35	35	35	35	35	35	35	49	49	49	49	49	49	49	49	49	49	49	49	49	49	49	49	49	49
31	31	31	31	31	31	31	31	31	31	31	46	46	46	46	46	46	46	46	46	46	46	46	46	46	46	46	51	51	51	51	51	51	51	51	51	51	51	51	16	16	16	23	23	23	23	23	23	23	23	23	23	23	23	23	23	23	23	53	53	53	53	53	53	53	53	53	35	35	35	35	35	35	35	35	35	35	35	35	35	35	35	35	49	49	49	49	49	49	49	49	49	49	49	49	49	49	49	49	49	49
31	31	31	31	31	31	31	31	31	31	31	46	46	46	46	46	46	46	46	46	46	46	46	46	46	46	46	51	51	51	51	51	51	51	51	51	51	51	51	16	16	16	16	16	23	23	23	23	23	23	23	23	23	23	23	23	23	23	53	53	53	53	53	53	53	53	53	53	35	35	35	35	35	35	35	35	35	35	35	35	35	35	35	49	49	49	49	49	49	49	49	49	49	49	49	49	49	49	49	49	49
31	31	31	31	31	31	31	31	31	31	31	26	26	26	26	26	26	26	26	26	26	26	26	26	26	26	26	51	51	51	51	51	51	51	51	51	51	51	16	16	16	16	16	16	16	23	23	23	23	23	23	23	23	23	23	23	23	23	53	53	53	53	53	53	53	53	53	53	53	35	35	35	35	35	35	35	35	35	35	35	35	35	45	45	45	45	49	49	49	49	49	49	49	49	49	49	49	49	49	49	49
31	31	31	31	31	31	31	31	31	31	31	26	26	26	26	26	26	26	26	26	26	26	26	26	26	26	51	51	51	51	51	51	51	51	51	51	51	51	16	16	16	16	16	16	16	16	16	23	23	23	23	23	23	23	23	23	23	23	53	53	53	53	53	53	53	53	53	53	53	53	35	35	35	35	35	35	35	35	35	35	35	45	45	45	45	45	45	45	49	49	49	49	49	49	49	49	49	49	49	49	49
31	31	31	31	31	31	31	31	31	31	31	26	26	26	26	26	26	26	26	26	26	26	26	26	26	26	51	51	51	51	51	51	51	51	51	51	51	51	16	16	16	16	16	16	16	16	16	16	23	23	23	23	23	23	23	23	23	23	53	53	53	53	53	53	53	53	53	53	53	53	53	35	35	35	35	35	35	35	35	35	6	45	45	45	45	45	45	45	45	45	49	49	49	49	49	49	49	49	49	49	49
31	31	31	31	31	31	31	31	31	31	31	31	26	26	26	26	26	26	26	26	26	26	26	26	26	26	51	51	51	51	51	51	51	51	51	51	51	51	16	16	16	16	16	16	16	16	16	16	16	16	23	23	23	23	23	23	23	23	53	53	53	53	53	53	53	53	53	53	53	53	53	53	35	35	35	35	35	35	6	6	6	45	45	45	45	45	45	45	45	45	45	45	45	49	49	49	49	49	49	49	49
31	31	31	31	31	31	31	31	31	31	31	31	26	26	26	26	26	26	26	26	26	26	26	26	26	51	51	51	51	51	51	51	51	51	51	51	51	51	16	16	16	16	16	16	16	16	16	16	16	16	16	23	23	23	23	23	23	23	53	53	53	53	53	53	53	53	53	53	53	53	53	53	53	35	35	6	6	6	6	6	6	45	45	45	45	45	45	45	45	45	45	45	45	45	45	49	49	49	49	49	49
31	31	31	31	31	31	31	31	31	31	31	31	26	26	26	26	26	26	26	26	26	26	26	26	26	51	51	51	51	51	51	51	51	51	51	51	51	16	16	16	16	16	16	16	16	16	16	16	16	16	16	16	16	23	23	23	23	23	53	53	53	53	53	53	53	53	53	53	53	53	53	53	6	6	6	6	6	6	6	6	6	45	45	45	45	45	45	45	45	45	45	45	45	45	45	45	5	5	5	5	5
31	31	31	31	31	31	31	31	31	31	31	31	26	26	26	26	26	26	26	26	26	26	26	26	26	51	51	51	51	51	51	51	51	51	51	51	51	16	16	16	16	16	16	16	16	16	16	16	16	16	16	16	16	16	23	23	23	23	53	53	53	53	53	53	53	53	53	53	53	53	6	6	6	6	6	6	6	6	6	6	6	45	45	45	45	45	45	45	45	45	45	45	45	45	45	45	5	5	5	5	5
31	31	31	31	31	31	55	55	55	55	55	55	55	26	26	26	26	26	26	26	26	26	26	26	51	51	51	51	51	51	51	51	51	51	51	51	51	16	16	16	16	16	16	16	16	16	16	16	16	16	16	16	16	16	16	16	23	23	53	53	53	53	53	53	53	53	53	53	6	6	6	6	6	6	6	6	6	6	6	6	6	45	45	45	45	45	45	45	45	45	45	45	45	45	45	5	5	5	5	5	5
55	55	55	55	55	55	55	55	55	55	55	55	55	26	26	26	26	26	26	26	26	26	26	26	51	51	51	51	51	51	51	51	51	51	51	51	51	16	16	16	16	16	16	16	16	16	16	16	16	16	16	16	16	16	16	16	16	23	53	53	53	53	53	53	53	6	6	6	6	6	6	6	6	6	6	6	6	6	6	6	6	45	45	45	45	45	45	45	45	45	45	45	45	45	45	5	5	5	5	5	5
55	55	55	55	55	55	55	55	55	55	55	55	55	55	26	26	26	26	26	26	26	26	26	26	51	51	51	51	51	51	51	51	51	51	51	51	51	16	16	16	16	16	16	16	16	16	16	16	16	16	16	16	16	16	16	16	16	16	53	53	53	53	53	6	6	6	6	6	6	6	6	6	6	6	6	6	6	6	6	6	6	6	45	45	45	45	45	45	45	45	45	45	45	45	45	5	5	5	5	5	5
55	55	55	55	55	55	55	55	55	55	55	55	55	55	55	26	26	26	26	26	26	26	26	51	51	51	51	51	51	51	51	51	51	51	51	51	16	16	16	16	16	16	16	16	16	16	16	16	16	16	16	16	16	16	16	16	16	9	9	53	53	6	6	6	6	6	6	6	6	6	6	6	6	6	6	6	6	6	6	6	6	6	45	45	45	45	45	45	45	45	45	45	45	45	5	5	5	5	5	5	5
55	55	55	55	55	55	55	55	55	55	55	55	55	55	55	26	26	26	26	22	22	22	22	22	22	51	51	51	51	51	51	51	51	51	51	51	16	16	16	16	16	16	16	16	16	16	16	16	16	16	16	16	16	16	16	9	9	9	9	9	6	6	6	6	6	6	6	6	6	6	6	6	6	6	6	6	6	6	6	6	6	6	45	45	45	45	45	45	45	45	45	45	45	45	5	5	5	5	5	5	5
55	55	55	55	55	55	55	55	55	55	55	55	55	55	55	22	22	22	22	22	22	22	22	22	22	22	22	22	51	51	51	51	51	51	51	51	16	16	16	16	16	16	16	16	16	16	16	16	16	16	16	16	16	16	9	9	9	9	9	9	9	6	6	6	6	6	6	6	6	6	6	6	6	6	6	6	6	6	6	6	6	6	45	45	45	45	45	45	45	45	45	45	45	45	5	5	5	5	5	5	5
55	55	55	55	55	55	55	55	55	55	55	55	55	55	55	22	22	22	22	22	22	22	22	22	22	22	22	22	22	22	22	51	51	51	51	19	16	16	16	16	16	16	16	16	16	16	16	16	16	16	16	16	9	9	9	9	9	9	9	9	9	6	6	6	6	6	6	6	6	6	6	6	6	6	6	6	6	6	6	6	6	6	45	45	45	45	45	45	45	45	45	45	45	5	5	5	5	5	5	5	5
55	55	55	55	55	55	55	55	55	55	55	55	55	55	22	22	22	22	22	22	22	22	22	22	22	22	22	22	22	22	22	22	22	19	19	19	19	19	16	16	16	16	16	16	16	16	16	16	16	16	9	9	9	9	9	9	9	9	9	9	9	9	6	6	6	6	6	6	6	6	6	6	6	6	6	6	6	6	6	6	6	6	45	45	45	45	45	45	45	45	45	45	45	5	5	5	5	5	5	5	5
55	55	55	55	55	55	55	55	55	55	55	55	55	55	22	22	22	22	22	22	22	22	22	22	22	22	22	22	22	22	22	22	19	19	19	19	19	19	19	19	16	16	16	16	16	16	16	16	16	9	9	9	9	9	9	9	9	9	9	9	9	9	6	6	6	6	6	6	6	6	6	6	6	6	6	6	6	6	6	6	6	37	37	45	45	45	45	45	45	45	45	45	45	5	5	5	5	5	5	5	5
55	55	55	55	55	55	55	55	55	55	55	55	55	22	22	22	22	22	22	22	22	22	22	22	22	22	22	22	22	22	22	22	19	19	19	19	19	19	19	19	19	19	19	16	16	16	16	9	9	9	9	9	9	9	9	9	9	9	9	9	9	9	9	6	6	6	6	6	6	6	6	6	6	6	6	6	6	6	6	37	37	37	37	37	45	45	45	45	45	45	45	45	5	5	5	5	5	5	5	5	5
55	55	55	55	55	55	55	55	55	55	55	55	55	22	22	22	22	22	22	22	22	22	22	22	22	22	22	22	22	22	22	41	19	19	19	19	19	19	19	19	19	19	19	19	19	9	9	9	9	9	9	9	9	9	9	9	9	9	9	9	9	9	9	6	6	6	6	6	6	6	6	6	6	6	6	6	6	6	37	37	37	37	37	37	37	45	45	45	45	45	45	45	5	5	5	5	5	5	5	5	5
55	55	55	55	55	55	55	55	55	55	55	55	55	22	22	22	22	22	22	22	22	22	22	22	22	22	22	22	22	22	22	41	41	19	19	19	19	19	19	19	19	19	19	19	19	9	9	9	9	9	9	9	9	9	9	9	9	9	9	9	9	9	9	9	6	6	6	6	6	6	6	6	6	6	6	6	37	37	37	37	37	37	37	37	37	45	45	45	45	45	45	45	5	5	5	5	5	5	5	5	5
55	55	55	55	55	55	55	55	55	55	55	55	22	22	22	22	22	22	22	22	22	22	22	22	22	22	22	22	22	22	41	41	41	19	19	19	19	19	19	19	19	19	19	19	19	9	9	9	9	9	9	9	9	9	9	9	9	9	9	9	9	9	9	9	6	6	6	6	6	6	6	6	6	6	37	37	37	37	37	37	37	37	37	37	37	37	45	45	45	45	45	5	5	5	5	5	5	5	5	5	5
55	55	55	55	55	55	55	55	55	55	55	55	22	22	22	22	22	22	22	22	22	22	22	22	22	22	22	22	22	22	41	41	41	19	19	19	19	19	19	19	19	19	19	19	19	9	9	9	9	9	9	9	9	9	9	9	9	9	9	9	9	9	9	9	9	6	6	6	6	6	6	6	6	37	37	37	37	37	37	37	37	37	37	37	37	37	37	45	45	45	45	5	5	5	5	5	5	5	5	5	5
55	55	55	55	55	55	55	55	55	55	55	22	22	22	22	22	22	22	22	22	22	22	22	22	22	22	22	22	22	41	41	41	41	19	19	19	19	19	19	19	19	19	19	19	19	9	9	9	9	9	9	9	9	9	9	9	9	9	9	9	9	9	9	9	9	44	44	44	44	44	44	44	44	44	37	37	37	37	37	37	37	37	37	37	37	37	37	37	45	45	45	5	5	5	5	5	5	5	5	5	5
55	55	55	55	55	55	55	55	55	55	55	22	22	22	22	22	22	22	22	22	22	22	22	22	22	22	22	22	22	41	41	41	41	19	19	19	19	19	19	19	19	19	19	19	19	9	9	9	9	9	9	9	9	9	9	9	9	9	9	9	9	9	9	9	44	44	44	44	44	44	44	44	44	44	37	37	37	37	37	37	37	37	37	37	37	37	37	37	37	45	5	5	5	5	5	5	5	5	5	5	5
55	55	55	55	55	55	55	55	55	55	22	22	22	22	22	22	22	22	22	22	22	22	22	22	22	22	22	22	41	41	41	41	41	41	19	19	19	19	19	19	19	19	19	19	19	9	9	9	9	9	9	9	9	9	9	9	9	9	9	9	9	9	9	9	44	44	44	44	44	44	44	44	44	44	44	37	37	37	37	37	37	37	37	37	37	37	37	37	37	37	5	5	5	5	5	5	5	5	5	5	5
55	55	55	55	55	55	55	55	55	55	22	22	22	22	22	22	22	22	22	22	22	22	22	22	22	22	22	41	41	41	41	41	41	41	19	19	19	19	19	19	19	19	19	19	19	3	3	9	9	9	9	9	9	9	9	9	9	9	9	9	9	9	9	9	44	44	44	44	44	44	44	44	44	44	44	44	37	37	37	37	37	37	37	37	37	37	37	37	37	37	5	5	5	5	5	5	5	5	5	5	5
55	55	55	55	55	55	55	55	55	22	22	22	22	22	22	22	22	22	22	22	22	22	22	22	22	22	22	41	41	41	41	41	41	41	19	19	19	19	19	19	19	19	19	19	3	3	3	3	9	9	9	9	9	9	9	9	9	9	9	9	9	9	9	9	44	44	44	44	44	44	44	44	44	44	44	44	44	37	37	37	37	37	37	37	37	37	37	37	37	37	37	5	5	5	5	5	5	5	5	5	5
55	55	55	55	55	55	55	55	55	22	22	22	22	22	22	22	22	22	22	22	22	22	22	22	22	22	41	41	41	41	41	41	41	41	19	19	19	19	19	19	19	19	19	3	3	3	3	3	4	9	9	9	9	9	9	9	9	9	9	9	9	9	9	9	44	44	44	44	44	44	44	44	44	44	44	44	44	44	37	37	37	37	37	37	37	37	37	37	37	37	17	17	17	17	17	17	17	17	17	17	17
55	55	55	55	55	55	55	55	22	22	22	22	22	22	22	22	22	22	22	22	22	22	22	22	22	22	41	41	41	41	41	41	41	41	19	19	19	19	19	19	19	19	3	3	3	3	3	3	4	4	4	9	9	9	9	9	9	9	9	9	9	9	9	9	44	44	44	44	44	44	44	44	44	44	44	44	44	44	37	37	37	37	37	37	37	37	37	37	37	17	17	17	17	17	17	17	17	17	17	17	17
55	55	55	55	55	55	55	55	22	22	22	22	22	22	22	22	22	22	22	22	22	22	22	22	22	41	41	41	41	41	41	41	41	41	41	19	19	19	19	19	21	21	3	3	3	3	3	3	4	4	4	4	9	9	9	9	9	9	9	9	9	9	9	48	44	44	44	44	44	44	44	44	44	44	44	44	44	44	44	37	37	37	37	37	37	37	37	37	17	17	17	17	17	17	17	17	17	17	17	17	17
55	55	55	55	55	55	55	55	22	22	22	22	22	22	22	22	22	22	22	22	22	22	22	22	22	41	41	41	41	41	41	41	41	41	41	21	21	21	21	21	21	21	3	3	3	3	3	3	4	4	4	4	4	4	9	9	9	9	9	9	9	9	48	48	48	44	44	44	44	44	44	44	44	44	44	44	44	44	44	44	37	37	37	37	37	37	37	17	17	17	17	17	17	17	17	17	17	17	17	17	17
55	55	55	55	55	55	55	22	22	22	22	22	22	22	22	22	22	22	22	22	22	22	22	22	41	41	41	41	41	41	41	41	41	41	21	21	21	21	21	21	21	21	3	3	3	3	3	3	4	4	4	4	4	4	4	9	9	9	9	9	48	48	48	48	48	48	44	44	44	44	44	44	44	44	44	44	44	44	44	44	44	37	37	37	37	37	17	17	17	17	17	17	17	17	17	17	17	17	17	17	17
55	55	55	55	55	55	55	22	22	22	22	22	22	22	22	22	22	22	22	22	22	22	22	41	41	41	41	41	41	41	41	41	41	21	21	21	21	21	21	21	21	21	3	3	3	3	3	3	4	4	4	4	4	4	4	4	4	9	48	48	48	48	48	48	48	48	48	44	44	44	44	44	44	44	44	44	44	44	44	44	44	44	37	37	37	17	17	17	17	17	17	17	17	17	17	17	17	17	17	17	17
55	55	55	55	55	55	22	22	22	22	22	22	22	22	22	10	10	10	10	10	10	10	10	10	10	10	41	41	41	41	41	41	21	21	21	21	21	21	21	21	21	21	3	3	3	3	3	3	4	4	4	4	4	4	4	4	4	48	48	48	48	48	48	48	48	48	48	48	44	44	44	44	44	44	44	44	44	44	44	44	44	44	37	37	17	17	17	17	17	17	17	17	17	17	17	17	17	17	17	17	17
55	55	55	55	55	55	10	10	10	10	10	10	10	10	10	10	10	10	10	10	10	10	10	10	10	10	10	10	10	41	21	21	21	21	21	21	21	21	21	21	21	21	21	3	3	3	3	3	4	4	4	4	4	4	4	4	4	48	48	48	48	48	48	48	48	48	48	48	48	48	44	44	44	44	44	44	44	44	44	44	44	44	44	17	17	17	17	17	17	17	17	17	17	17	17	17	17	17	17	17	17
55	55	55	55	12	10	10	10	10	10	10	10	10	10	10	10	10	10	10	10	10	10	10	10	10	10	10	10	10	10	10	21	21	21	21	21	21	21	21	21	21	21	21	3	3	3	3	3	4	4	4	4	4	4	4	4	52	52	48	48	48	48	48	48	48	48	48	48	48	48	48	44	44	44	44	44	44	44	44	44	44	44	44	17	17	17	17	17	17	17	17	17	17	17	17	17	17	17	17	17	17
27	27	27	12	12	12	10	10	10	10	10	10	10	10	10	10	10	10	10	10	10	10	10	10	10	10	10	10	10	10	10	21	21	21	21	21	21	21	21	21	21	21	21	3	3	3	3	3	4	4	4	4	4	4	4	52	52	52	48	48	48	48	48	48	48	48	48	48	48	48	48	48	44	44	44	44	44	44	44	44	44	44	17	17	17	17	17	17	17	17	17	17	17	17	17	17	17	17	17	17	17
27	27	27	27	12	12	12	10	10	10	10	10	10	10	10	10	10	10	10	10	10	10	10	10	10	10	10	10	10	10	10	10	21	21	21	21	21	21	21	21	21	21	21	3	3	3	3	3	4	4	4	4	4	4	52	52	52	52	52	48	48	48	48	48	48	48	48	48	48	48	48	48	48	44	44	44	44	44	44	44	36	36	17	17	17	17	17	17	17	17	17	17	17	17	17	17	17	17	17	17	17
27	27	27	27	12	12	12	12	10	10	10	10	10	10	10	10	10	10	10	10	10	10	10	10	10	10	10	10	10	10	10	10	10	21	21	21	21	21	21	21	21	21	21	3	3	3	3	3	4	4	4	4	4	52	52	52	52	52	52	48	48	48	48	48	48	48	48	48	48	48	48	48	48	48	44	44	36	36	36	36	36	36	36	17	17	17	17	17	17	17	17	17	17	17	17	17	17	17	17	17	17
27	27	27	27	12	12	12	12	12	10	10	10	10	10	10	10	10	10	10	10	10	10	10	10	10	10	10	10	10	10	10	10	10	21	21	21	21	21	21	21	21	21	21	3	3	3	3	3	4	4	4	4	52	52	52	52	52	52	52	52	48	48	48	48	48	48	48	48	48	48	48	48	48	48	48	36	36	36	36	36	36	36	36	36	17	17	17	17	17	17	17	17	17	17	17	17	17	17	17	17	17
27	27	27	27	27	12	12	12	12	12	10	10	10	10	10	10	10	10	10	10	10	10	10	10	10	10	10	10	10	10	10	10	10	10	21	21	21	21	21	21	24	24	24	24	24	39	39	39	39	39	39	39	52	52	52	52	52	52	52	52	52	48	48	48	48	48	48	48	48	48	48	48	48	48	36	36	36	36	36	36	36	36	36	36	17	17	17	17	17	17	17	17	17	17	17	17	17	17	17	17	17
27	27	27	27	27	12	12	12	12	12	12	10	10	10	10	10	10	10	10	10	10	10	10	10	10	10	10	10	10	10	10	10	10	10	10	21	24	24	24	24	24	24	24	24	24	39	39	39	39	39	39	39	52	52	52	52	52	52	52	52	52	48	48	48	48	48	48	48	48	48	48	48	48	36	36	36	36	36	36	36	36	36	36	36	36	17	17	17	17	17	17	17	17	17	17	17	17	17	17	17	17
27	27	27	27	27	12	12	12	12	12	12	12	10	10	10	10	10	10	10	10	10	10	10	10	10	10	10	10	10	10	10	10	10	10	10	24	24	24	24	24	24	24	24	24	24	39	39	39	39	39	39	39	52	52	52	52	52	52	52	52	52	52	48	48	48	48	48	48	48	48	48	48	48	36	36	36	36	36	36	36	36	36	36	36	36	36	17	17	17	17	17	17	17	17	17	17	17	17	17	17	17
27	27	27	27	27	27	12	12	12	12	12	12	12	12	10	10	10	10	10	10	10	10	10	10	10	10	10	10	10	10	10	10	10	10	24	24	24	24	24	24	24	24	24	24	24	39	39	39	39	39	39	39	39	52	52	52	52	52	52	52	52	52	48	48	48	48	48	48	48	48	48	48	36	36	36	36	36	36	36	36	36	36	36	36	36	36	36	17	17	17	17	17	17	17	17	17	17	17	17	17	17
27	27	27	27	27	27	12	12	12	12	12	12	12	12	12	10	10	10	10	10	10	10	10	10	10	10	10	10	10	10	10	10	10	10	24	24	24	24	24	24	24	24	24	24	24	39	39	39	39	39	39	39	39	52	52	52	52	52	52	52	52	52	52	48	48	48	48	48	48	48	48	36	36	36	36	36	36	36	36	36	36	36	36	36	36	36	36	17	17	17	17	17	17	17	17	17	17	50	50	50	50
27	27	27	27	27	27	12	12	12	12	12	12	12	12	12	12	10	10	10	10	10	10	10	10	10	10	10	10	10	10	10	10	10	10	24	24	24	24	24	24	24	24	24	24	24	39	39	39	39	39	39	39	39	52	52	52	52	52	52	52	52	52	52	52	48	48	48	48	48	48	48	36	36	36	36	36	36	36	36	36	36	36	36	36	36	36	36	36	17	17	17	17	17	17	50	50	50	50	50	50	50
27	27	27	27	27	27	27	12	12	12	12	12	12	12	12	12	12	10	10	10	10	10	10	10	10	10	10	10	10	10	10	10	10	24	24	24	24	24	24	24	24	24	24	24	24	39	39	39	39	39	39	39	39	39	52	52	52	52	52	52	52	52	52	52	48	48	48	48	48	48	36	36	36	36	36	36	36	36	36	36	36	36	36	36	36	36	36	36	36	17	17	50	50	50	50	50	50	50	50	50	50
27	27	27	27	27	27	27	12	12	12	12	12	12	12	12	12	12	12	10	10	10	10	10	10	10	10	10	10	10	10	10	10	10	24	24	24	24	24	24	24	24	24	24	24	24	39	39	39	39	39	39	39	39	39	52	52	52	52	52	52	52	52	52	52	52	48	48	48	48	48	36	36	36	36	36	36	36	36	36	36	36	36	36	36	36	36	36	36	36	50	50	50	50	50	50	50	50	50	50	50	50
27	27	27	27	27	27	27	12	12	12	12	12	12	12	12	12	12	12	12	10	10	10	10	10	10	10	10	10	10	10	10	10	10	24	24	24	24	24	24	24	24	24	24	24	24	39	39	39	39	39	39	39	39	39	52	52	52	52	52	52	52	52	52	52	52	48	48	48	48	36	36	36	36	36	36	36	36	36	36	36	36	36	36	36	36	36	36	36	36	50	50	50	50	50	50	50	50	50	50	50	50
27	27	27	27	27	27	27	27	12	12	12	12	12	12	12	12	12	12	12	12	10	10	10	10	10	10	10	10	54	54	54	54	54	54	24	24	24	24	24	24	24	24	24	24	24	39	39	39	39	39	39	39	39	39	39	52	52	52	52	52	52	52	52	52	52	52	48	48	36	36	36	36	36	36	36	36	36	36	36	36	36	36	36	36	36	36	36	36	36	50	50	50	50	50	50	50	50	50	50	50	50
27	27	27	27	27	27	27	27	12	12	12	12	12	12	12	12	12	12	12	12	25	25	10	54	54	54	54	54	54	54	54	54	54	54	54	24	24	24	24	24	24	24	24	24	24	39	39	39	39	39	39	39	39	39	39	52	52	52	52	52	52	52	52	52	52	52	52	48	36	36	36	36	36	36	36	36	36	36	36	36	36	36	36	36	36	36	36	36	36	50	50	50	50	50	50	50	50	50	50	50	50
27	27	27	27	27	27	27	27	12	12	12	12	12	12	12	12	12	12	12	12	25	25	25	54	54	54	54	54	54	54	54	54	54	54	54	24	24	24	24	24	24	24	24	24	24	39	39	39	39	39	39	39	39	39	39	39	52	52	52	52	52	52	52	52	52	52	52	36	36	36	36	36	36	36	36	36	36	36	36	36	36	36	36	36	36	36	36	36	40	50	50	50	50	50	50	50	50	50	50	50	50
27	27	27	27	27	27	27	27	27	12	12	12	12	12	12	12	12	12	12	25	25	25	25	54	54	54	54	54	54	54	54	54	54	54	54	54	24	24	24	24	24	24	24	24	24	39	39	39	39	39	39	39	39	39	39	39	52	52	52	52	52	52	52	52	52	52	52	36	36	36	36	36	36	36	36	36	36	36	36	36	36	36	36	36	36	36	40	40	40	15	15	15	50	50	50	50	50	50	50	50	50
27	27	27	27	27	27	27	27	27	12	12	12	12	12	12	12	12	12	12	25	25	25	25	54	54	54	54	54	54	54	54	54	54	54	54	54	54	24	24	24	24	24	24	24	24	39	39	39	39	39	39	39	39	39	39	39	52	52	52	52	52	52	52	52	52	52	36	36	36	36	36	36	36	36	36	36	36	36	36	36	36	36	36	36	40	40	40	40	40	40	15	15	15	15	38	38	38	38	50	50	50
27	27	27	27	27	27	27	27	27	12	12	12	12	12	12	12	12	12	25	25	25	25	25	54	54	54	54	54	54	54	54	54	54	54	54	54	42	42	42	24	24	24	24	24	24	39	39	39	39	39	39	39	39	39	39	39	39	52	52	52	52	52	52	52	52	52	36	36	36	36	36	36	36	36	36	36	36	36	36	36	36	36	40	40	40	40	40	40	40	40	15	15	15	15	15	38	38	38	38	38	38
27	27	27	27	27	27	27	27	27	27	12	12	12	12	12	12	12	12	25	25	25	25	25	25	54	54	54	54	54	54	54	54	54	54	54	42	42	42	42	42	24	24	11	11	11	11	11	11	11	11	11	11	11	11	11	11	39	52	52	52	52	52	52	52	52	52	36	36	36	36	36	36	36	36	36	36	36	36	36	36	40	40	40	40	40	40	40	40	40	40	15	15	15	15	15	15	38	38	38	38	38
27	27	27	27	27	27	27	27	27	27	12	12	12	12	12	12	12	25	25	25	25	25	25	25	54	54	54	54	54	54	54	54	54	54	42	42	42	42	42	42	42	11	11	11	11	11	11	11	11	11	11	11	11	11	11	11	11	11	11	52	52	52	52	52	43	43	43	43	43	43	36	36	36	36	36	36	36	36	40	40	40	40	40	40	40	40	40	40	40	40	15	15	15	15	15	15	15	38	38	38	38
27	27	27	27	27	27	27	27	27	27	12	12	12	12	12	12	12	25	25	25	25	25	25	25	54	54	54	54	54	54	54	54	42	42	42	42	42	42	42	42	11	11	11	11	11	11	11	11	11	11	11	11	11	11	11	11	11	11	11	11	52	52	52	43	43	43	43	43	43	43	43	43	43	36	36	36	40	40	40	40	40	40	40	40	40	40	40	40	40	40	15	15	15	15	15	15	15	15	38	38	38
27	27	27	27	27	27	27	27	27	27	27	12	12	12	12	12	28	25	25	25	25	25	25	25	25	54	54	54	54	54	54	42	42	42	42	42	42	42	42	42	11	11	11	11	11	11	11	11	11	11	11	11	11	11	11	11	11	11	11	11	11	11	43	43	43	43	43	43	43	43	43	43	43	43	43	40	40	40	40	40	40	40	40	40	40	40	40	40	40	40	15	15	15	15	15	15	15	15	15	38	38
27	27	27	27	27	27	27	27	27	27	27	12	12	12	33	33	33	28	25	25	25	25	25	25	25	54	54	54	54	54	42	42	42	42	42	42	42	42	42	42	11	11	11	11	11	11	11	11	11	11	11	11	11	11	11	11	11	11	11	11	11	43	43	43	43	43	43	43	43	43	43	43	43	43	43	43	40	40	40	40	40	40	40	40	40	40	40	40	40	40	8	8	8	15	15	15	15	15	15	15	15
27	27	27	27	27	27	27	27	27	27	27	12	12	33	33	33	33	28	28	25	25	25	25	25	25	54	54	54	42	42	42	42	42	42	42	42	42	42	42	42	11	11	11	11	11	11	11	11	11	11	11	11	11	11	11	11	11	11	11	11	11	43	43	43	43	43	43	43	43	43	43	43	43	43	43	43	43	40	40	40	40	40	40	40	40	40	40	40	40	40	8	8	8	8	8	8	15	15	15	15	15
27	27	27	27	27	27	27	27	27	27	27	27	33	33	33	33	33	33	28	28	25	25	25	25	25	25	54	42	42	42	42	42	42	42	42	42	42	42	42	42	11	11	11	11	11	11	11	11	11	11	11	11	11	11	11	11	11	11	11	11	11	43	43	43	43	43	43	43	43	43	43	43	43	43	43	43	43	43	40	40	40	40	40	40	40	40	40	40	40	8	8	8	8	8	8	8	8	8	8	15	15
27	27	27	27	27	27	27	27	27	27	27	33	33	33	33	33	33	33	28	28	28	25	25	25	25	25	42	42	42	42	42	42	42	42	42	42	42	42	42	11	11	11	11	11	11	11	11	11	11	11	11	11	11	11	11	11	11	11	11	11	11	43	43	43	43	43	43	43	43	43	43	43	43	43	43	43	43	43	43	40	40	40	40	40	40	40	40	40	40	8	8	8	8	8	8	8	8	8	8	8	8
27	27	27	27	27	27	27	27	27	27	27	33	33	33	33	33	33	33	33	28	28	28	25	25	25	25	42	42	42	42	42	42	42	42	42	42	42	42	42	11	11	11	11	11	11	11	11	11	11	11	11	11	11	11	11	11	11	11	11	11	11	43	43	43	43	43	43	43	43	43	43	43	43	43	43	43	43	43	43	40	40	40	40	40	40	40	40	40	40	8	8	8	8	8	8	8	8	8	8	8	8
27	27	27	27	27	27	27	27	27	27	27	33	33	33	33	33	33	33	33	28	28	28	28	25	25	25	42	42	42	42	42	42	42	42	42	42	42	42	42	11	11	11	11	11	11	11	11	11	11	11	11	11	11	11	11	11	11	11	11	11	11	43	43	43	43	43	43	43	43	43	43	43	43	43	43	43	43	43	43	43	40	40	40	40	40	40	40	40	8	8	8	8	8	8	8	8	8	8	8	8	8
27	27	27	27	27	27	27	27	27	27	33	33	33	33	33	33	33	33	33	33	28	28	28	28	25	25	42	42	42	42	42	42	42	42	42	42	42	42	42	11	11	11	11	11	11	11	11	11	11	11	11	11	11	11	11	11	11	11	11	11	11	43	43	43	43	43	43	43	43	43	43	43	43	43	43	43	43	43	43	43	43	40	40	40	40	40	40	40	8	8	8	8	8	8	8	8	8	8	8	8	8
27	27	27	27	27	27	27	27	27	27	33	33	33	33	33	33	33	33	33	33	28	28	28	28	28	25	42	42	42	42	42	42	42	42	42	42	42	42	42	11	11	11	11	11	11	11	11	11	11	11	11	11	11	11	11	11	11	11	11	11	43	43	43	43	43	43	43	43	43	43	43	43	43	43	43	43	43	43	43	43	43	43	40	40	40	40	40	8	8	8	8	8	8	8	8	8	8	8	8	8	8
27	27	27	27	27	27	27	27	27	27	33	33	33	33	33	33	33	33	33	33	33	28	28	28	28	28	42	42	42	42	42	42	42	42	42	42	42	42	11	11	11	11	11	11	11	11	11	11	11	11	11	11	11	11	11	11	11	11	11	11	43	43	43	43	43	43	43	43	43	43	43	43	43	43	43	43	43	43	43	43	43	43	43	40	40	40	40	8	8	8	8	8	8	8	8	8	8	8	8	8	8
27	27	27	27	27	27	27	27	27	27	33	33	33	33	33	33	33	33	33	33	33	28	28	28	28	28	42	42	42	42	42	42	42	42	42	42	42	42	11	11	11	11	11	11	11	11	11	11	11	11	11	11	11	11	11	11	11	11	11	11	43	43	43	43	43	43	43	43	43	43	43	43	43	43	43	43	43	43	43	43	43	43	43	40	40	40	40	8	8	8	8	8	8	8	8	8	8	8	8	8	8