0.9337823808398661
1.1371486507528958
0.8878294842101131
1.17383960386774
1.066146127250843
1.0585566906713586
0.7260792079582125
0.8569057823055773
0.961384729393764
0.9429355061538551
0.9093193489718142
0.7709396095843488
0.7142353575543947
1.183741068268568
0.7233658067141063
1.1319249200096408
0.8355781517831904
1.078721110793437
0.8067986635318346
1.1435610174106543
1.1148172997223937
1.1902840618496207
0.9594772202872869
1.0124093463621189
1.0070413483337968
0.8617229556725761
0.8436813495050912
0.7994509984461651
0.7451023921200431
0.9171872827836305
1.0067727913837548
0.9066930533740175
0.850471348967596
0.7632611326658628
1.0542413818328165
1.152801211012396
1.0807462189656918
1.0417703880514488
1.1158923727868546
0.9014199864825526
1.0052161539636684
1.0196782458056048
1.039413303871774
0.7430399076975323
0.7551801213851007
0.8255942438143236
0.8072371882144292
0.8287551240863613
0.7968428065647397
1.1695686180884561
1.1157542117536747
1.128356200486437
0.8600037521173992
1.1417370111000043
1.1807647806941466
0.8183798771821954
0.9154236209438619
1.143235483580037
1.0792819035583858
0.9068142417328673
1.1642419924768626
0.746914718321155
0.7169717876947751
1.0995975220754606
1.1047461619218086
0.972667931582553
0.9766199907252662
0.9729461935826665
0.7594719260284353
0.8811181354590832
0.9206490743764474
0.9041099305660127
0.9619221738259254
1.0567997467775032
1.050507388159454
1.0182196899184595
0.7523128980670577
0.759258562330133
0.9116150101606444
1.091185285241623
0.7726553115272193
0.8554764851992421
0.9129272305933622
0.8479257732192731
1.0166209481777768
1.0893851781446777
0.7615087035567882
1.1638587056115266
0.8603984601115561
1.0968004824413065
1.1690869709476837
1.110614076216386
1.1482570792724025
0.8162531143744767
0.9494363507916108
1.0252478049052334
0.7651997643396259
0.7564808383419723
1.1963393140240508
0.7415086102762081
0.75548244514134
0.8028632621253914
1.1650629054820056
0.9278316806444161
0.7177721689824357
1.1792645557830148
0.7614092451900768
1.0235991499389865
0.7985065778169119
1.0542326780762918
1.0614689202481138
0.7354053173057233
1.0154841186178887
1.0189149124021628
1.0799033026996212
0.7646883974768913
0.8386513573571519
0.8408948956079736
1.0993813993425152
0.813511995091359
0.701705122472282
0.8591098930089811
1.0819529028121324
1.0153902637660492
1.1181440305199115
0.7510930529534886
0.809488146940015
0.9207954707873802
1.0414694667149593
0.9459117632470668
1.1788733283009387
1.0666619543458125
0.8074330755314151
0.98286822876971
1.0206382492574493
0.9926731173791852
0.999825610906921
0.7958023126445674
0.84460879514852
1.1647685036275863
0.9979239292654599
1.1462858501789
0.8036924356456783
1.1784723529577374
1.0984776202310398
1.0521808860044484
0.7311245534454505
0.8494383414380963
1.1474825684595642
0.7728802574550272
1.0240647236072953
0.9949001254186591
0.8814439422717031
1.0296233779321997
0.8047072644150246
0.9603678998392978
0.8914798787299788
1.124028714374139
0.7548864519614134
1.1455367110755836
0.7774910257637552
1.0727766864070873
1.1766712515720843
1.171679175264817
0.8112530587867067
0.9952515268592914
0.9065447875164181
0.9511669657912746
0.8605044992953419
0.7900711212086724
0.7336858251065326
1.1206420938505222
1.1666048101061914
1.0082092015993045
0.9328252007449233
0.8723692139092475
0.7761134408744301
0.8072194969587503
0.7637084886689891
1.148340846750406
0.8495412254687595
0.9946182524661956
0.7940202836025363
0.7493585726713291
0.7512018078012038
1.0469437923965557
0.9857554748174895
1.07465315410423
0.8522493744362827
0.9134900353128744
0.7220406677706752
0.9850272836992467
1.146036660420645
1.1469213274133265
1.1442960825308797
0.7009590773866441
0.8921797498238883
0.7631227679165654
1.0136350054779344
1.007719249668193
0.7585434474988888
1.1482056605371673
1.1343673175771185
0.7848145477867331
0.8728219458958774
0.91809762666515
0.7901396181207332
1.1740791455814839
1.0472137129472534
1.0363843941667894
0.9482138400385827
0.9666783703860257
0.7413868151760901
1.13845497130385
0.8313636098474797
0.7225484509277478
1.0183609699885912
0.7688701417009399
0.7361863234562069
1.1478136205624305
1.107116331177168
0.990992072798756
1.042716292712502
1.1750330004007468
0.7748331369394811
0.8145498050678053
1.0470698796578843
1.009580241436542
1.0432932845332108
1.1943350723490753
1.017981484888872
0.9461198176431144
0.9214561020509539
0.7953031956064086
1.0147798208182
0.7497195304250936
0.7828390531078511
0.9567554661044063
0.9311013385295573
1.1407534196257596
0.8964069271725612
0.7157648408000036
1.1506497613796416
1.0713502948087459
0.8313211909013236
0.9758844354269449
0.9624664242442721
0.7369350596271428
1.0819057795634779
0.897200500673372
1.126173238282317
1.150943173587008
1.1835413027063262
0.8169349337145391
1.038465420065751
0.7365957512940775
1.070448980466697
1.08112621790385
0.9084818546132856
0.7298788776686985
1.0664076432875085
1.0530258599511666
0.706260140549468
1.0992634050756391
0.8855384852138504
1.0814599502073738
1.0771734874768257
1.1447161308099016
1.065838174379027
0.9933740817106305
0.9745901790192254
1.1107237388822178
0.9733617852188846
0.7365743402851662
0.9032608971041639
0.7052309387933513
1.0729391867677596
0.9783006836803635
1.1102905476326161
1.0909004666232964
0.7443573749871613
0.7450490799626391
0.8148100089057676
1.005903989492706
1.1334698260508054
1.111334850125819
1.0965646814526206
0.9548919203924342
0.933376319703312
0.878667755054681
0.9773195765264792
0.7425659712342251
0.8370548220056755
0.72824796082159
0.7896288598030645
1.0850974678019023
1.1406075086164424
1.075627850481562
0.8337935598090396
0.7461500313892859
1.0168033846298932
0.983857864483762
0.8162448964212045
0.9001223094909213
0.8058922195806676
1.161210792720983
0.9622974859131798
1.001692529931622
1.1385213746206189
1.038038933950666
1.0279060073405155
1.015297295890294
0.9246994840305635
1.113096460761458
0.9985293747424826
0.7986894797437074
0.8093516256534578
1.0176573160336544
1.0890008059807088
0.7328954617547463
1.0154935161302676
1.0589910943039125
1.0096812069620822
1.121272615559608
0.8163367581520592
0.7524468823221813
1.0560500691400554
1.096894459660996
0.8058869229516922
0.9908787747699789
0.7211683869972068
0.7393140366846321
0.8390108589578493
0.8792978175781626
1.0268181901211788
0.8113488882818781
0.8257448063372097
0.8412862607419126
0.7391637151944003
0.8697824893553271
0.8826799722843787
1.0890420365461857
1.013864932989783
1.173644644713708
0.8190575721916822
0.8927872664956096
0.9113048397074146
1.1884852528458256
0.9140326323495952
0.9002394869113062
0.7016216422943764
1.0546915232917924
0.93360780313645
0.814449734544419
0.9637826927979227
0.8434363693642294
0.8693820308628896
1.1755693665104026
1.0862567974170028
1.0071706225078954
0.7990504217798046
1.008013858947578
0.8598213947466693
0.9855720237832459
0.8491270773897956
1.1507215321546835
1.0010766603803276
0.9889979139074901
0.9401245494993368
0.7065882014951257
0.9670144800773692
0.7250645693361476
0.9723850892301199
1.1730205595134022
1.169483510215385
1.1168011695896587
1.16551311633502
0.9350115053427097
0.926834741862685
1.0474091718142668
1.1191812877091212
0.8359796048330959
0.9193683897187607
1.0137283531299457
1.065248990328488
1.1585346236514564
1.1412047662396616
0.9144311679091734
1.0944747641097958
1.0961712367345506
0.8430986005160795
0.9046324767399412
1.1714031978998434
0.9448067711691125
0.873475242184684
0.7423649950579791
0.841982874422163
0.7646788376802199
0.7218712682465295
0.8504758174725124
0.9312973241876998
0.8047326288347865
0.9435055552945397
1.0131274761539313
1.0683673786681687
1.0057189801874276
1.1878841334998316
1.1172912248396232
0.9653169747012452
0.7651792494486621
0.9919332980080392
0.7782748118020959
0.9750947259297783
1.0105489354948003
0.704564065528121
0.8575628808446858
0.7469144198593908
0.7464179366139293
1.1467048718441024
0.8995876700225511
0.7804375778950549
1.1920866795256155
0.8276246787213756
1.1002647310004128
0.8585606104852073
0.8863958648274475
0.8500782272760538
0.870769166229618
0.9100739482980499
0.7243249983129586
0.8378880459918664
1.0247196485420875
0.7363513064728255
1.0371292380108137
0.8994277411572495
0.8394785196050344
0.9683777188647249
0.9022595964930618
1.0875941215865434
0.8132968830757511
1.1759137336794312
0.9302213586135951
0.8511145481415721
0.9779663915654309
0.9149390498188132
0.9358886306700239
0.7752640449005725
0.7956328334322008
0.9311878581349495
0.8233172947814642
0.8948193996796356
1.1554325398362557
0.9126167365322361
0.8902833928279656
0.8026969163714973
0.9641503432243187
1.1916306510220787
0.7815365446541002
0.9708170341590894
0.7546052195200945
0.8900062236741397
0.9445157436372886
0.8701168368662695
1.0260814536525102
0.7146427897937435
1.1253369510675124
1.1346774211497876
0.9282895500536337
1.1018574700441466
0.9679322817611359
1.1827614619032385
1.1712663426064587
1.1529792904430913
0.7105988745475869
0.8395767085820879
0.798645285918856
1.0177485873644057
0.7869870263060655
1.1699691516482704
1.1042177327364495
0.9118929011055118
1.0843691767563195
1.1905891572553338
1.048098508369402
0.9068557156265367
0.8019652857735348
1.1017851710923159
0.7714889786839428
1.1114059319757326
1.0407249342473555
1.0951592206738407
0.8740040529453728
1.1361487236319991
1.0380129746847273
0.772104860568422
1.0210801775241696
1.1279525417133227
0.8817256711103053
1.1972405023516006
0.7048116277864247
1.0310761014311152
1.0012553273716929
1.178300676050184
1.1989910908088182
0.817600492448461
1.1529910105782404
1.0177709512280817
0.9104515927815384
0.810811177051281
0.9082012473760797
0.795073465798818
0.9471502923212515
1.0454665255164914
0.9229328770049892
1.1329975665826608
1.0996182175617755
1.0684086169917306
1.0513966227013074
0.7371107605466446
1.1981834731602299
1.1857255577639265
0.8270645560143902
1.0112134457812454
0.88685235234208
1.056866997669691
0.7689159962833885
0.9401552608624969
1.0617319982660174
0.9352546047401133
1.0585549499034967
1.1841848586289432
0.8821285211875188
0.7824420294336012
0.9474322170259379
1.1873117798941106
0.9863773848622702
1.1491634927627103
1.133008346900806
0.919078946743007
0.9646081832373744
1.1119191091595857
0.9023640674407157
0.7998697915502395
0.7187734916863382
1.0142847144907128
0.7930670143231529
1.195291719264233
1.1165653326306186
0.929981204311432
0.7374824786691088
0.7396267252325076
1.15692517342581
0.9205938468610877
1.0213141046143357
1.0877118695195045
0.8414185476891963
0.9725752702275988
0.9968292418567015
1.0170840871074964
1.060590011803265
1.1175251365026218
1.0355580360413241
0.7016225565629365
1.137189293895398
0.8078678747735216
0.9001587561615674
0.9842472583296101
0.8004934137650197
0.9026040195653359
0.8160903427377797
0.890368844645343
0.7986769858470939
1.175937403588524
1.026800621362503
1.1685472121755678
0.7756043643050441
0.8894702760154404
0.7682009813996814
0.7586690124603307
0.7788251737634002
0.7186751053915061
1.111261759592523
1.117210375086854
0.704985729179725
1.198629149342844
0.7585994625743067
0.9691203854575524
0.8288987780301855
1.196190868573637
1.1889130143221105
0.9305427775937917
1.0454414769025888
1.0636912239148497
0.7201416078645695
0.9563313951499731
0.8085861225266839
0.951660434526539
1.1300265410697459
0.859330420816947
0.9684578022801774
0.9979942391660125
0.9803030951579819
0.7301836311756764
0.9091325234585784
0.7173441184575676
0.7160298418998513
0.7312985616209772
0.8703492644353447
1.001177745564604
0.966518044415513
0.9508152891908161
1.1384728878839696
1.1524343792596206
1.0671955000478812
0.833517664559908
0.8561993109081151
1.1594253015545888
0.7043166472200568
1.1826585619428271
0.9859764747074178
0.9907504271278729
0.8974375020980038
1.0656589796756606
0.9753323379748882
0.8198542270181809
0.7844011611918965
1.1025722007558028
0.7416634624348976
1.0458349300357794
0.8298624931146313
1.1070810199318637
1.0656725601852675
0.774440900864425
1.171819165472114
1.0293807106120707
0.8564920083232128
1.1912198109346894
0.7694482983119421
1.1259184543704286
1.1378419892136071
0.9777393131563259
0.8970251014440036
0.8088561353984347
0.8620590322146696
0.8923872362927826
1.1680139781351793
0.7951071416617852
1.1551495790280697
0.7006856882709872
0.9675275691759501
1.0576751829159057
0.8509782777419415
0.7672154809136321
0.7883378068842453
1.0823457984427989
0.866798291476652
0.9976126193156892
0.7440851429824593
0.9563777427563985
0.9992069489261097
0.9808956669135638
0.8915638248655954
0.9760751431813547
0.8877004156466964
0.8116557164773962
1.161048334348108
1.1351675424515588
0.8768856135221675
1.1650007615376055
0.7675602361624125
0.9230960447844908
0.7752433078726653
1.1577582047262065
1.173921998110044
0.9430248205572573
1.1998544578155368
0.9702573642106643
0.8794803456500239
0.9265955583295717
0.9866975391189403
0.911210776982934
0.8589481208317685
1.1710685080552108
0.7577268110781388
1.0972339525058503
0.8135314743501867
0.8394186913246806
1.1725722180261196
0.9151085105241619
0.8150312883760018
0.9199466703176556
1.028538399685743
0.9734912125912849
0.7542819082660325
0.9421318304129466
0.861592289520133
0.982816302730505
0.8548348221770822
1.0654087167393467
0.726533100342338
0.7299286990079017
1.1692105643651243
1.012816624212948
0.9438383347878816
0.8228418622424721
1.041806458787252
1.1336611116829112
0.9660335758974302
1.077867804631938
0.9699789926998009
0.7961492246800592
1.1737066920570776
0.9163104035847581
1.074788035871443
1.053863015723328
0.8439847555777484
1.0182707235203785
1.0137136144475878
0.8122771619185432
0.7591942697240542
0.9995462409415822
1.1396974134979163
1.0490525907010784
0.711229775273877
0.849040966969587
0.8034476638629923
0.8093117901121172
0.7393746782978902
0.8219747118413775
0.8791850764591089
1.1077097022704443
0.7733619661706471
1.1894488535599246
0.8247162345083218
1.0954763163677057
1.0154048244433267
0.7965140717047208
0.7415113398241476
0.9764808965041838
1.1331096993846317
0.8823207953778414
0.9628697589327863
0.8802846008028656
1.0950878282469105
0.7263049591681372
1.0928100605169284
0.8409653122540339
0.8184227395609622
1.160147965577785
1.1101095330665527
1.1785023105171768
1.0208635674889375
1.1678340720304066
1.0579982119775924
0.8317510574830236
0.9804803268190084
1.1905340074739872
0.7395455277096888
1.1762574999508297
0.7021131921784642
0.7492618294755452
0.7884332958398779
0.7781153536254438
0.9436150662809599
1.0214702530309014
1.134454820421523
1.1836052075485173
1.0007127004215575
0.959968397723177
1.0392294553050552
1.1199826157632113
0.9960011602438624
1.1058614438381236
1.179829793860678
1.0519166376834614
1.0951812047060985
0.9613924988680607
0.9676089616016993
1.0383953473983656
0.7463285495330968
1.1534473570030874
1.147474844157571
0.814799107586333
1.0460919581042392
1.1961039597448935
0.7313953979641501
0.8453507435253491
0.9894255696628038
0.7288458822745462
1.1229112159111265
1.0687985771364623
1.0672383300385166
1.0645259164817826
1.1796125111420124
0.8621640934020809
1.1241173283934236
1.0804218266918968
1.1865903172220809
1.191585720860858
1.0259890400596576
1.1429994873078941
0.7202831324720337
0.735653834235453
1.0893043175306736
0.895365128756337
1.098177788278833
1.159383045401642
0.7490051607423376
1.0163114837857077
0.9737798970940202
0.8408680981933782
0.9694858451544545
1.0833759151167508
1.1106583553672824
0.9589083925030417
1.0547132986333325
0.8951122436957427
0.8961220166457271
1.0334199508296773
1.0329767162229972
0.9218343944760845
0.9700448742922985
1.128444747480596
1.1854131999181745
1.0781081001223622
0.9879231963128877
0.9107047396370833
0.7359043856785464
1.0002422054862001
0.857037762711038
1.01957559477232
1.0103569802078591
0.9000729581606293
0.9775810808729304
0.7483179628260841
0.7505673404088318
0.8955926678469797
1.1153820233561014
1.0168383452030125
0.7003922497291065
1.0913285274082518
1.1920541178867303
0.8666856594507866
1.1194761923058496
0.8947394788024484
0.7757284337270741
1.0854727123830128
1.1041624822352532
0.7198505412823857
1.1801529199724965
1.0770162993453718
0.7407847186424252
1.0603637978640736
1.060013257201689
0.8662057953476068
0.7164933129581401
1.1097846515850165
0.9248376395723753
0.9674571749693939
0.9826255493600097
0.7905496325583741
1.0125079633034308
0.930798752052201
0.9405145863549171
0.7788377185788219
1.0233048506312552
1.1423868221755755
0.8644430565357438
1.1024939756536947
0.867151402309678
0.9479025324987042
0.927578053013211
1.1859181888102062
1.099863788187724
1.025208727461409
0.934091170901697
1.1220013337609935
0.7816085269055325
1.001671221101796
0.7950061170775945