0.8930270002457815
1.1913490998082397
0.9531840768143691
1.057226705242007
0.7916593696901116
0.9340741142957839
1.1954506223452825
1.154527103807773
0.9660085915857899
1.1815672387730745
0.9927328643544087
0.981361604050585
1.0002642111401734
1.196444151405136
0.7323093450426198
0.9706957196707219
0.9893335993357266
0.7852001743489179
0.8575162863102589
1.0094640187391666
1.1184358618633337
1.0942277531532574
0.9906881832997857
1.0437513876287698
0.8701361846111356
0.8348140952306529
0.9859398049846119
1.1596604431873638
0.733243601240368
1.0998585309045654
1.030535897940949
0.9827953614169879
0.7268244645594866
1.0982669204225948
0.9546937317251082
1.1845209552325107
0.864625177797153
1.1394096138241263
0.9440116321704594
1.086367123946025
1.147651752882206
1.0683678883053478
1.027114212060564
0.9357831948404449
0.7305127840616269
0.7027229743384111
0.8803049738480622
0.7579517289282899
0.927429733912842
1.0323496242355135
0.9160194015875393
1.0577289180291243
0.7478108638367179
0.8808555546469544
1.0257270467027744
0.8573715244169808
1.1394311694427295
0.8646615538512072
0.9587818420816837
1.1461323487000468
0.7639219982432434
0.7152485904299448
0.8152468401394508
1.0448739840010957
0.7597492033602589
0.7711034253438874
0.7034507993345871
1.1315564313270097
1.0164779241821336
0.8564325497274708
0.7709994931693624
0.9361017065776398
1.0537128029179512
1.1855928761159755
0.8613904787135799
1.1308909365278126
1.19392584466707
1.128100003432421
0.9761476645006987
1.1564350291470844
0.8218964245439918
0.8599339762072106
0.9038708587293517
1.1421825259276068
0.9420334884852241
0.7392952731316037
1.1612431955814748
0.9263096787373103
1.1127225759801516
0.8300124590802737
1.0356953830108258
1.1663276138703396
1.0478353555207387
0.9200235315449699
0.7487264071888812
0.9213050388189479
0.7852781225197561
1.0464460994908205
0.7282705423886499
1.1768791343066853
0.9011454290107916
0.8823791504774233
1.1568116514174656
0.8435949668234718
0.9788570701158894
0.739833225810278
0.7882223204407548
1.0936999378072334
1.1670629585047294
0.8784066958887863
1.0903585703112006
0.7634136248111258
1.0969528133618867
0.8892116635326107
0.8428271427860073
1.0018541396246272
0.7994944357804649
0.9779322312383304
0.7944864573740081
0.9130369661439534
0.9350520565727649
1.1638732023482903
1.0631176214416707
0.7346829605011768
1.0888696311500605
0.8122788747480031
1.0214748021970639
0.7640651014933394
0.8866957588022487
0.8505642617330856
0.7698980284208491
1.0813313680357286
1.1666904055059582
1.1167016347511196
0.7597149378319467
0.9875627320427309
0.7397706773966838
0.9029546337006006
1.0884579978547224
0.8064024421139254
1.033463019842742
0.7952301479439984
1.1417085748537714
0.9415086995518207
1.1200095680173574
0.8490450756806023
1.0398774240897573
0.9542578630803255
1.0912729771656748
0.9889766888105869
0.7968188356628597
1.0214635440320783
1.181778837693841
0.9174469388757154
0.8201234993207236
0.9737882427584978
1.1767277472457045
1.1096553199062007
0.9053541802900955
0.9895910767910133
0.9479435980192679
0.8399610014899012
0.8432468779634615
0.8420373071958462
0.7731774169192612
1.0517510446730083
0.9272208419689694
0.7802864452921782
0.7509822368809824
1.1972219496432095
1.1341021465469052
0.9564398765125621
0.9225220960411838
0.7593995330157906
1.1196597865852755
0.7719734290072148
0.792539844964803
1.0964348564146977
0.9865147245617382
0.9891217061425093
0.9567965806489984
0.7164646635900944
1.0222256133314316
1.11652447616446
0.8809732689919331
0.7182615697162322
1.1844037601516857
0.9445004878823711
1.067737325366101
1.050254053989744
0.7869576908771447
1.0187104228584274
0.9762444040236462
1.058315693538188
0.9184050557141931
1.1214899811415973
0.7793200241864771
1.171491690753875
0.7738961903969948
0.7267731733233459
0.7980369599452249
0.8763595539065452
1.0329681615496327
0.8892879998492722
1.0193968649766407
0.8384197561031541
0.8903795937725418
0.7941237888791787
0.7868772838848077
0.8320787026111496
0.9085812398278283
0.8545023231100157
1.0903696462625043
1.1060780587818089
0.8490661176070514
0.8153723916163717
0.859403079902393
0.811878194543034
1.1722341355707924
1.0923690000484685
0.7315525375758217
0.7957488950311159
1.011584941933668
0.9044523883601121
0.8495633240556262
0.8172211917955483
0.9502415638386746
0.7222311094205175
0.9414255358166201
0.9076836253298546
0.9671981998870148
0.96213071717393
1.0892312412794063
0.8019337920519495
1.0842582147759674
1.130879131122589
1.1534877535029364
1.1541812245203698
0.750008285055933
0.9501840819619812
0.8206181026365543
0.9045468614172302
0.8234942261740351
1.0201779921360759
1.181760413339418
1.1763407647565254
0.8044612187049094
1.1885322479633391
1.055244792280622
0.9778481249434182
0.9585379672115678
1.1056795798162484
0.8645600268514535
0.9905369130387498
1.0629697586235773
1.0006427690863857
0.8907031315112732
0.8060479187954358
1.0287530709038504
1.0973871055055544
1.1770916945595962
0.9607254163267138
1.1365345210052054
0.9943432889772158
1.0153921231176386
0.9062457471609948
0.7861107807241622
0.8323071130821303
1.148676375704242
0.8113082221078579
1.0459797414616745
1.1477859433547564
0.9393754052385261
1.0422228920122174
1.0567206622256182
0.7783344001287851
1.1612096460969585
0.9989172055512096
0.7836821127207834
1.0206008397223358
0.9936067474980321
0.9467791612107148
0.9554061935629525
0.8492005592327616
1.1576973782840065
1.1484964493201417
0.9563032536708891
1.1256145387873646
0.9740515178952212
1.1275064099665837
0.9549314669694583
1.0525427536474208
1.0306354909519386
0.9921219350969667
0.8883718284459505
0.9988556865321971
1.1617756482365844
0.9006799364170456
1.0033015436175141
1.0237263656980855
0.899935821849115
0.8751164502604273
1.1112155652676226
0.9592032554078194
1.1265727946586805
1.1391625187734196
0.9783107012066414
1.148878682829694
1.105530894378811
0.7248164110572245
1.1034174508649075
1.053491150659255
0.844156676337406
1.0189116079944098
1.1733012701833
0.8910048286296512
1.1459320772815
0.8935631799704703
1.1127447140471993
1.195852240658323
0.9894429440759419
0.7829866472047022
1.0720448124018969
1.1686456225022033
1.1946672586399218
1.0697887209240955
1.1509173813901503
0.9285820377933285
0.7439148008007257
0.7365777332719844
1.188621809744483
0.9649129903985382
1.0220481887626474
1.1743036636435917
1.086413127365363
1.1421241769353574
1.0756520767433502
0.990171965814499
0.7314492177132672
1.1253544480397655
1.0387069803637665
0.9686693992322967
1.048467442506386
0.7294852629905828
0.9132716207035373
1.0676066868204594
1.0266724702703685
1.1787465874674017
1.1754857019707128
1.0384875020026678
0.789206947045685
0.7493027327498448
1.0912301377174605
0.8289311355661123
0.8198193967505517
1.1279869978316088
1.0869007695719946
1.0974965998203263
1.0229851923562032
0.8356651472347627
0.936833283583614
0.9151898469207662
0.8751608562185894
0.9670320844080901
0.818372365154578
1.12678343544761
0.9626063762757254
0.7970857764504321
0.9107523193099378
0.9539977281326709
0.7779966100681762
1.0131405595732201
1.0807426842067953
1.1805873859389777
0.8122083256279207
1.0905477232487222
1.0864073984281022
0.8916834911243632
1.1774131508698813
1.0903442888947361
1.0129118468351743
1.1900178979219944
1.044542209613309
0.9777898751227351
0.8447666075610116
1.0068250113362966
0.8667556427551572
0.7295338019061757
1.0753954518073128
1.1595822033578491
1.1533830958530644
0.9809161249441496
0.8606533486382189
0.7177168116519111
0.9416247437315142
1.148547291127291
0.9902299391471101
0.8659626645696729
0.943996027791355
0.9824351542592974
0.9679588861404432
1.015016771159931
1.0246965929134038
1.047800215039206
0.8039484688122978
0.8414969767227906
1.0500479647867484
0.8583419486164646
0.7882328139293805
0.9672199616184229
0.8077403908993067
1.0105431023476095
0.7732998030458477
1.0937889829732101
0.9868371564583486
1.062945192871946
0.9466564801558041
0.7444338931561985
1.0403538156170415
0.90296761900358
0.7485718968823278
0.9331706856080694
1.110481612742606
1.1088289494147845
0.777794437250175
0.9421591496991354
0.7374283057549419
0.857698775630828
0.9032930746135599
0.776691032671361
0.9589634473819605
0.859049978498598
0.8869264440579149
0.7409569917509772
0.8333265287733865
0.958067013594653
0.9573726394093776
1.0266042164260019
1.0012382482970625
0.9469102313043384
0.7325968734297567
0.7998680397276721
1.082972504433227
0.8641596083457315
1.0058525244353422
1.0126944252176613
0.992106179734563
0.9195209847743061
1.1511399452121334
1.1181928038312403
0.7598541727987822
0.857869686762532
0.8898658284895742
0.8580110387898631
0.9091901305575492
0.8139259863782884
1.180892114518695
0.7687593180474052
0.9424696379388193
1.1791974070528293
1.092380461887772
0.884691344659233
1.1993235980078785
1.1902059344356544
1.0049184184981792
1.0256122775524052
0.8384609213282849
0.7850885405552793
1.0971893586431234
0.7436086315340414
1.1550467485840556
1.1665339037285665
1.0705602598045774
0.7153057197926209
0.7580768341990667
0.8046327553808376
0.8486962228763617
0.8080704362397297
0.9407472893173722
0.8494637831704397
0.8702257441435184
1.0142322273884203
1.169435214141989
0.842947352734436
1.1699286846600554
1.0409545051646751
0.9668385569773569
0.9684056880753334
0.9599738880093249
1.020384272494498
0.827644523676392
0.9333004037284045
0.7690673966349129
1.110371474709082
0.9783213195602704