0.9049581825273547
1.0507467650181948
0.9530116169342083
0.9359119678640262
0.8527510767875467
1.1650649728474143
0.8655296485829195
0.9662135626750061
0.9803953468353666
1.0017291344535624
0.7635274420767513
0.7984495098616488
1.1476117216924582
1.0086695236334298
1.1567258671697938
0.9755263270350308
1.060537219464139
0.837946942115434
0.8788171553464184
0.9322354734884275
0.9102829866537494
1.0917833290526102
1.0009821395724865
1.1574210445354802
1.1455906538905123
1.1796458550162496
0.7532158522608139
1.0589871879258896
0.9914564195521094
0.7327027364501305
0.7210115405490859
0.7252907191033656
0.899513120883981
0.8477595051473059
1.0209836365481508
0.7048137202113113
1.028253553823057
0.7793834516243098
1.0627995637158252
0.881141332490715
0.7021849685923177
0.8574836307490585
1.1146744582730763
0.9233993946488909
0.8136470195268569
1.1645007144880386
1.0987625648739514
1.151726872866856
0.9256953179265154
0.7631961841624386
0.7896323382000026
0.9285660359234601
1.0682947790801107
0.7310886410909893
0.9140104628675312