0.7370754496065628
1.1901755843839161
1.0627472648706155
1.0553911050618248
1.0496814776283392
1.034101070877892
1.068953874454094
0.8807253461210793
0.7776306036992011
0.796485395158897
1.0709253131997496
0.8005560752687909
0.9174748484158225
1.1687044528746062
1.0439212876738995
0.7373740081641954
0.9853532443428948
0.938648213328399
0.7108800314441355
1.0535580532685744
0.9619582043782186
0.7905612817329671
1.0079519140036564
0.919655558786842
0.993036752466902
0.9044491960584465
1.0633078187894833
0.9411672119675181
0.7949586015852204
1.0724877722178734
1.0449286073150317
1.1099794017126439
0.7697727455329598
0.9248603685983776
1.0742754087981772
0.7079780534813243
0.9380490884275456
0.9107381229196796
0.7821536308169793
1.0657766618207565
0.8360664271380254
1.1469537595691555
1.0914280348693959
0.9128687170349079
0.9629690154877237
1.0172851012037132
0.8530371398411329
0.859326884947981
1.0088877244117933
0.9891836512197549
0.7735521765734611
0.9009415537347297
0.9684465341809863
1.17546435528103
1.164458005950722
1.005973896652526
1.1970242959367576
1.037232885289879
1.1394129730980465
1.0269891058950347
0.9807323858223803
0.995287378576556
0.8420056393685941
1.0790190045787682
1.1021310334426933
0.9520377707249954
0.7377105755888066
0.9563985386585886
1.1052244542145548
1.0553891091711098
0.7845725588458556
0.9444629528749626
0.7217622663027685
0.8906675626968202
1.0416545047703027
1.13001207797979
0.939831775390041
1.1210787827333286
1.1854460847339894
0.7286497269707235
1.1673066796926537
0.9586641727656071
1.0217515449904693
0.7654971684871035
1.0850243080901374
0.7944274794423856
1.0371221511642734
0.8521247848646715
0.9345646511361719
1.1592137471454502
0.7716368895624947
0.7027775197928025
0.998456455861795
0.822014867635297
0.7513843228513127
0.8347489366264692
0.9232003392334819
1.1575028605819795
1.1776433138233875
1.0660368840321852
0.8032411332837291
0.8682987623378463
1.1510062778265673
1.023328082800254
1.0025560859037554
0.9681971769815685
1.104869215899772
0.8218566074863682
0.9081494323386889
0.7126073613461669
1.1922737808551933
0.7542639274269003
0.9840148631322799
0.8851018182925632
1.0542800937317427
1.0335130265357617
0.747152172342719
0.7469698650855722
0.7772062574742644
1.0292561081929228
0.8915475172773438
0.9897358862254517
1.127713697999797
1.1365852879058036
1.063017478025298
1.1631922045448864
0.8961350635245438
1.1692390856224975
0.9013137747676411
1.0495636572974558
1.110489083200509
1.010208724149983
0.9701784527335356
0.796172212286847
0.8833770282551054
0.7310655843289411
1.0762679736721783
0.9518549590494279
0.9581216223499958
1.1649858474180919
0.7339641095214351
0.9464925691937408
0.899266518105122
1.0283269011955625
1.1204612151398927
1.1759888658005426
1.064490668563146
1.1765125810299066
0.8741083248098712
1.1013597081467554
0.8077602040142478
0.9144820577193241
0.9310596591651068
1.109519277007161
1.137973985171166
0.9649946066952725
0.9505239532767504
0.7621771115989031
1.1546062477765098
1.1313882761948881
1.0302147986818917
0.9818107251901996
0.9833618549846079
1.1562037334106838
0.7831905181764569
0.8459734734657728
0.8301029947939543
0.9375162523479469
0.9411773250792145
1.1876385605444981
0.8067527702918363
0.7146820085524858
0.8416548374397399
0.813959700337281
0.8398056804571664
0.8017684011738354
1.096198927268472
1.053614767414187
0.7513825600255274
0.7338329331733687
1.0783815017423675
0.8969728840995637
1.1194530995842826
0.7539620919010823
0.7596473966945894
0.7150689078557861
1.1515747090578508
1.1078215649636678
0.8671827708119753
0.7581393510566489
0.9340932109519728
0.7550246189048555
0.7017706960725812
0.7503086545843797
1.09776682600553
1.190334462647158
1.1728706600576695
0.8469727131233931
1.0392204576108446
0.8569147543671585
0.9921143662261241
1.0052578242860937
0.7016184868863229
0.9333184855582473
1.0832799512021465
0.7395869849087321
1.1031383832223773
1.0551994677007348
0.8351542057179288
0.8003760620955173
0.7263669866304799
0.7917885067468398
1.0133782936193825
0.933270441904971
1.1940070897011286
0.9426246584253092
0.9992678163459003
0.9615325127003009
0.7897652297283307
1.13925201246958
1.151762868759544
0.8912926124045994
0.7005200807712739
1.0173024532029782
1.138728760415326
0.7148781210113697
1.1780388990911896
0.7147783356904766
1.1463854834617462
1.1712447670206916
1.1561367823071471
0.857636027006819
1.1374105897504077
0.8353234808668862
0.9266916697709935
0.7479743547053331
0.9585427145534604
0.98763242950377
1.1432124875744565
1.0409903802430418
0.9665932890471406
0.8277553633198493
1.1228459346806392
0.710529881703579
0.8591896058216937
0.7920748618897505
0.8940538216118467
0.8974676072891131
0.7252942450108822
0.9842196128152191
0.8098508174779142
0.9211573395753541
1.190135559396147
0.7690555498090427
0.9192869585528899
0.764976526047335
0.8406047137471957
0.7752509249665447
0.7307865081446819
0.9070245901235255
0.8119026042847022
1.0633304280414446
1.0397369240912315
1.0517982220259712
0.8452700205636062
0.8402569251872878
0.7097839877622272
0.7909981831495225
1.1972436464665464
0.7542131475975654
0.7096533143653311
0.7403091053502752
1.140642008823948
0.873699109120099
1.1678971673316791
1.089901986891986
0.7893802345688057
1.1400087224462294
0.9804515222209981
0.870591972285145
0.7886532733183138
0.7795930862538017
0.7802830936963209
0.7453377947223389
1.1465104377945778
1.000047442659183
1.0029265275922246
1.122422032785423
0.7071673407355468
0.8754716397150674
0.8596256175213625
0.8949635885623832
0.8158733076854285
0.7758766449210349
0.9964046334023287
0.7976672911369692
0.7514146013292181
0.7044712504088378
0.8241912419594372
1.0488714278367048
1.060674273141732
0.7580171716693788
1.0642247931139412
1.1389808568818895
0.968741023569652
0.7388946616092368
0.8851313000289718
0.7785115521850372
0.8698662596118908
1.0107808666591427
0.9238808379458764
1.0259868426623102
0.7968210742343949
0.8900894484041211
0.8491845931467028
0.9921061640805124
0.8243800935780465
1.1044394595158726
1.1343384710877036
1.101449522158971
1.0619430066752902
1.0549284605704599
0.9253079562763212
1.186700621245779
0.9957314465642612
0.819296759773739
1.18352168393919
1.0511678408570722
0.743287714017968
1.1631179274415198
0.9518975606311898
0.7236158859921952
0.9848863309550537
0.8637814459255715
1.0738087302302746
1.0790116461524213
0.8928337372255789
1.1427128134395321
1.1154022421038814
0.9118485813356025
0.925843438652079
0.917419673786855
1.0439697556167675
1.113009333979147
0.7401342781248172
1.1329106220727372
0.9058819114184974
0.7990561998952848
1.1437484189230436
0.8463690623265276
0.8814389620943319
0.7886151141585499
0.9019009001315255
0.8308906493532754
1.134660690959811
1.0603115577189555
1.1289249625407272
0.7618914748919462
0.8054778371736251
0.7848123937612143
0.9001623675321095
0.7690088198672748
1.0690321408092975
0.8232814437679852
0.9676606081636523
1.1691305515377652
0.7481722244289435
0.7337431255753382
0.9455821187324865
0.868903965763062
1.0987673558868662
0.8276152731488782
1.173654769238306
0.9013741768136664
1.1832827566268251
0.8224232243938202
0.7868448204661569
1.0378914681338154
0.8703915837870173
0.7213001531629011
0.7017972051720568
1.191481506222996
0.713546340535775
0.7616268011241969
0.9958761877144655
0.8866948629336577
0.7381409701030861
1.04519049440965
0.907778377169914
0.8772871468848031
0.7132583249703286
0.9713916441480049
0.8781713717753731
1.151611042121632
1.0578391850189106
1.1604454747356339
1.150709189815196
0.8766150619639816
1.032887002345857
1.0368586317215827
0.946545166060741
0.8256322955097549
0.9626103110238876
1.148360916283375
0.9363440755184239
0.9078460447588999
1.1414161557124947
0.7523562117838581
1.0737267218626736
0.9727783942429139
1.126994340957802
0.9052239115063865
0.7615021900838246
0.9781944623792027
1.1261626142789085
0.7256356696369268
0.8546337214521716
0.7660168027184756
0.7437241499096686
0.8882568320084144
0.8496238481431763
0.7491238657281111
0.7437794546337311
1.1397298734502064
0.7588109364747851
1.1148016647030428
1.1046199459954233
1.1790098700149794
0.7663723150086653
0.9210742145058533
0.9709198526464566
0.8513042409821285
0.8465440767174979
1.0902478050568147
0.8222932422439273
1.0904756107211566
1.1909684614530867
0.7068536296461808
0.838327653307302
1.036966809593219
1.0368773366788
0.76301549728744
1.1691851332651761
0.9816036017316011
0.711157828140918
0.9551113940280258
0.7674543589928687
0.7604639704234918
0.9551593112498702
1.0229559753611592
0.801368877715293
1.0875801263416331
1.1851190657060804
0.7288699040248122
1.0180674057977557
1.0930578880790485
1.0331589783412904
0.8924363062422258
1.0842929545411932
1.037237385883842
0.7194179698222114
1.1306026436173107
0.9022311404251552
1.0250295900815642
1.1946402104097957
0.8095639453177652
1.1224077920089515
0.730933965234562
1.0013832603457855
0.7522712162772434
1.1737194906793977
0.9919073604217494
0.7902732153469632
1.123035051530152
1.0933776253014054
0.8389188776621165
0.9045706682729858
0.7815671591806673
0.8223307539270868
0.9183087307201648
0.9712570268719459
0.7797019636930699
1.1335956087169783
0.8790394253124916
0.950340009589486
0.7339801850800035
1.0791094553520604
0.7709530176566894
0.8666347508814898
0.7511832748916456
1.0622902895209432
1.0145957260639002
1.0377328590438182
0.9209432565304159
0.9951957461125565
0.9471812603717154
1.1608810972533883
0.8079912909099503
1.0398505279477646
0.7595054364253105
1.177103986918897
0.9233359302944981
0.8260984099406676
1.1791507701097212
0.9569864323739721
0.830710750671424
0.9345505179899671
0.7912027003385654
0.7982205973949991
0.8686574413700202
1.1115732060548247
1.0315426497605285
0.8301509981681626
0.73443672425762
0.852229860572361
0.7895385977286472
0.8560459088463404
1.123799856693645
1.033458389869935
0.7177186888515972
0.8446929230083857
0.873576136837862
0.8254132006893908
1.0709252431548724
1.1538883227220205
0.868327377912666
0.7867507907844269
1.138543227214738
0.9259557503185637
1.1061383728988439
1.1062256830755908
1.0612216758188817
0.9013177513285137
0.7734862156908056
0.7669595115972553
0.7076587458381799
1.1996566517434597
1.1504446280781089
1.0136770168170646
1.1909805532042128
0.8396259408573782
0.8672878906470648
1.165618820398244
1.0863371483152693
1.0692181748781218
0.8403736857491324
0.8191866049774884
1.1348030783134848
1.152025961092915
0.9756966911418276
1.0811927654593212
0.870166873433663
0.8514989155137195
1.1537488094623358
0.8165875753210813
0.8951776794091232
1.142068752457825
0.910463791790408
0.7470577026758036
0.8491084532231665
1.1981633887815344
1.0188076201583296
0.7855583805050839
1.1546210910711725
1.1200894247877746
1.0672982914208384
0.9275232450796923
0.7643336394707293
0.8826877647275619
1.1100203481055304
0.9626562521589576
1.1322906145279876
0.9632182898422713
0.7684911355515391
0.827989071656769
1.0472109306588777
0.7572611416556543
0.9389153522967061
1.174338879995219
0.8017038483135812
0.9829175182674625
1.1367447453516637
0.9228267915010133
0.7051408822580622
1.0840411580094667
0.955859142055432
1.178804472930256
0.7866384730555143
0.8875009503140586
0.7980270632803209
0.789844886982077
1.0037566421525694
0.7189529047830908
0.7626729509062568
1.1270596960357822
0.9572775483573127
0.8298242789187261
1.094985914127389
0.9874269449861172
1.1322707774051466
0.8308468493565799
1.12930367982961
1.169466264247173
0.9310027865563237
0.7523381626309654
0.7333728715077082
1.0296821564984064
0.8532140600803431
0.8153905097822807
1.1836010093788505
1.1174517192960098
0.796435482003798
0.9462943293906213
0.7944999556762417
1.0491473156193152
1.0269141557134867
0.7694611957188675
0.7551536477846198
0.9441545082629501
0.8498533194820517
1.0774103764071912
0.931455835892049
1.1243651999110882
0.7697699190197735
1.03011945290422
1.1747757403414696
0.8479283344478764
0.8413230613944915
0.7245398261566467
0.8740658387128643
0.741227601915213
1.118959095051797
1.0674899441930954
0.7527371846081977
0.8812007257624502
0.8822957156069813
0.9416756748386578
0.7801899823808365
1.1599680060829702
0.736974535133412
1.1289132870628937
1.174655097756232
0.8195962681196114
1.094133886263763
1.1306545524810114
1.1268383354863145
0.8711602768488684
1.0777392891879303
1.1376485539647843
0.9867793355552558
1.0966719494000792
0.7333676732930355
1.0868151139347484
0.7238651812200202
1.0814037671239864
0.9991105457451138
0.9236310881259877
1.0497229872514167
0.7809907768487848
1.1427382073378536
0.7862670875038092
0.9141987732647238
1.0131609695352854
0.8210647184849461
0.9695504015274238
1.1385897493271155
1.122797791130094
0.9280388173278531
0.939939649426779
1.1227857093387077
0.7755824291671871
0.9195425604902735
0.7266873694850368
1.040062662560658
0.8411641064706855
0.739364635557657
1.172521655177476
1.0953748448712535
0.7460234025742839
0.8721322537234955
0.9055111687563675
1.0260036451405674
1.1701692970342645
1.019772163625925
0.8522009639787351
1.1784989636280698
1.1118279962778468
1.1110855111443985
0.8294120976975011
1.0725351844342614
0.9655288230669321
0.9321535737927706
0.7962386758066731
0.7233388587940205
1.0620389318869634
0.8515648769203417
1.1314020836075724
0.7024955369243302
0.9033016198589151
1.1007046504775748
1.1375956471694453
0.8703231054227499
0.8736828441457303
0.8601009642182589
1.131936245650414
0.7183386410962006
0.7410876372038058
0.7795322367685774
1.0062916058876734
0.8377704871151725
0.885453231367347
1.0056841597997872
0.905514343533683
0.7217832946685367
0.7554600361222984
1.0022282102489817
1.079820877382561
0.8337313174031216
0.715957512858466
0.7898790172485829
1.012498650889512
0.7046105239716914
1.037536656767098
1.1012550179122207
0.9434779044432232
1.1618432339867621
0.9212495261028729
1.0638870052475764
0.8524414282521726
0.8716617281901528
0.7587324711458991
0.8356939808217927
1.0501323273838097
0.773209140487686
0.8558808867412921
0.9326685320876164
0.9224188869631876
0.7136928327124945
0.8528143406747878
0.8503096983640245
0.8653899614370388
1.1377308120055338
0.7557945683700623
0.8808344088433835
0.8896526979014494
1.13830139617835
0.916890444934687
0.8458067484863635
1.0796083780341355
1.0308990690332362
0.7448803813275032
0.8801160798438539
0.7504450880462276
1.1685405365241528
1.092890089997704
0.9695921418915029
0.7335807954619518
0.9616634747472526
0.9509826558619568
1.1959068854624668
0.9605213257442171
1.1331133521722165
0.9488441158164151
1.1499331161394797
1.1465545670629447
1.1740281484127697
1.1025341452408133
0.8869944248412002
0.9152469577209696
0.7720794133351306
0.8558937406493378
0.7623526747910769
1.1307199934091987
0.8184100606394784
0.9902984580775005
0.8515428070733176
1.127898888915709
0.9626576798521581
1.1699462859784706
0.758450770696891
0.7752001642449929
1.1399700995839124
0.7374242633467404
0.7280459727309851
0.9306489373163781
0.8125592694636239
1.1919174871315956
0.7827136980598024
0.9525650488690048
0.9526689674602379
1.0924323415711088
0.8605951682431902
0.7024643542312411
0.8608267073559549
1.0499828367831334
1.1149807865305665
1.0468595634718825
1.1253539969294843
0.8269922287697745
0.7439436715298021
1.1197540452491084
1.0046283377116398
0.7398917536898948
1.1015810668289694
1.102483229094534
1.1958114654654688
0.7924329100250816
0.7989659558560934
0.7712460961387786
1.0133928509830041
0.7817087054121504
0.8007790079942889
0.9636827141720495
0.8663044317580949
1.0480806201726152
1.1683512827897338
1.1292702300961923
0.8456335984522224
0.7278176963404077
0.8924041208064113
0.7130206005103098
0.7263302199380642
0.9103737277964761
0.8378853190009493
0.8610603908747839
0.8881648430372121
0.8816745336113584
1.0615371275540508
1.1910465612645855
1.1872183583806692
1.1043891003649402
0.9003101879350034
0.8703691711538056
1.0676771108603111
1.0803638896814987
1.195978986947925
0.9770939289329953
0.8394267720149687
0.8430970461976592
1.1555726486487945
0.7852270500399975
0.9822161047201519
0.9109182183824509
1.1532526101713585
1.1977705434297679
0.7402630933849836
0.7385387615959045
1.0278211694079933
0.9172183860329732
0.7861908792002167
1.1451196353518225
1.092861090491449
0.9445907920741327
0.9263856498840706
1.0739469766977323
1.0735959416095566
0.7521692363823232
0.9815643531972433
0.7528554043738096
1.1922437462785482
0.9113804377886807
1.186280894299208
0.8253545139938476
0.7929028555690448
0.7232687003744412
0.791124103675834
1.1978389494129622
1.02734546840535
0.7408657401729821
1.0400025147907006
0.8857846250351876
0.7735216958281467
0.7618036742296033
0.812512681462348
0.7678557847880514
0.8687254232937843
1.0663839602835499
1.0069232093817477
1.061202515596999
1.1823542985613409
1.1550512096476324
0.7707611316391183
1.1384170983906385
1.0347742131299975
0.9235161599081229
1.1337042055430118
0.9561423845019402
0.8433646985415567
0.8618814116793676
0.799986776004961
0.867688726038719
1.1234035796510606
1.0738132455568952
1.0972718485750304
1.024559467486609
1.1726027783499764
0.8254667149519815
0.995792982683552
0.896341255150705
1.1466050339689469
0.9197064626745747
1.029347529853045
0.93956131984695
1.105069181162602
0.8634008559260165
1.1641889276605628
0.9864972651488282
1.164566829687547
0.7447984514878483
0.9440048138266854
0.7279166860592269
1.1241388787319204
0.9608648398636529
0.9788430867745721
0.9842840810769474
0.842816627657384
1.039521828224426
1.0549160899611272
1.1543688552352522
1.1518133797319516
0.8083244172611405
1.057034163795217
1.0022035116383174
0.8879966860553657
1.0847260968632002
1.02571094948666
0.8653710497116315
1.151671327846688
0.9792894869653681
1.0823459041714314
0.7496079267375921
0.917218843272583
1.0062569977808868
0.7400416929971648
0.9183790946666632
1.1413453065764727
1.078286595161949
0.853803814399117
0.9005510486175428
0.8646433580180181
0.7386877216574003
1.1805273102975096
0.7879135089720893
0.7960225663096713
0.8805079355691983
0.9004934115599335
0.7799156366312376
0.8574880119693766
0.8648446886363733
1.0985990101893846
1.1229731244187966
0.7087142931789432
0.9700393168800464
1.1143593323417893
1.0532340305617223
0.870130448356508
1.058923240542632
0.9580201299891334
0.9275229186030283
1.1707399928792699
1.1730362237709242
0.7571941609828081
0.9754877901192932
1.1982759076944305
1.0692050748896231
0.8815282652404293
1.1514208561803845
0.7780103369110197
1.032891502724024
0.8867234770887022
0.8904040286853016
1.0044434935638047
0.802714097443801
1.1065603183393673
1.100352692953349
1.025641864089311
1.159362582435226
1.0300986326990422
1.0071656117618395
0.8648524310572131
0.9026866355940063
1.07628882431449
0.9566543287046264
1.1769065850915452
1.091423484288713
0.922751668839488
0.7602060210413867
1.179328787784017
0.9842568397193665
1.0000884821389429
1.0423803944296142
1.1448933550412672
0.7312820572760118
1.1155346033715337
0.8728628528506972
0.9640737557271231
1.1541885488746577
1.088395547559165
0.7332603441185981
0.8316993563331518
0.7182591437796026
1.0908159901760484
0.909365100093763
1.1252465309960953
1.0471812532098874
0.7040580247892667
1.1399256708123104
0.7624760361548357
0.9563231782121483
1.1319165491552274
0.9209563338191428
0.7197596625777155
1.0869163037721281
0.966868681788896
0.7627617104395784
0.8454509586870779
0.7991884334572507
0.7436602806947801
0.7520609966274961
0.8975185308033595
0.9074346773958454
0.8816716194602636
0.7404133128630493
1.1544217664906298
0.8631777687783784
0.8204987483501809
1.0059723636177385
0.7750465671824704
1.0162662489040868
1.099734907892484
1.0097503480114365
0.8691763136986353
0.8447189524152255
0.9111648814232836
0.8763810766502677
1.0991376255118395
0.7788762290724975
0.9768392415333735
0.7182665065998504
0.862780874624511
1.0457261134747304
1.086200534815978
0.9492329169095243
0.9107171905879397
0.7380527722698733
1.0823755592649777
0.7625338004370936
1.068567157695598
0.9828583045628437
0.752886109404008
1.1777274473414812
1.1080912158163232
1.121383316893355
1.172038454603626
0.7944505831389854
0.9343743210011642
0.8557100716788364
1.0180664687344851
0.7241357297994853
0.8979223940935583
0.9209314442516486
0.7662825202572263
0.9435916137572905
1.162545342170946
0.9840534388577679
0.7145861847122753
1.109148608552407
0.9118244926641441
0.7953712354614022
0.8437574035865607
0.7674609731493255
1.1170497418414946
0.8925097469455556
0.8054301071307373
0.9108254522133005
0.9789177661481142
1.1886839080221585
0.7050553877967237
1.0144754342527875
0.9417625455988001
1.0566560012317816
0.8567907972326401
0.7977267814273143
0.9648948654839629
0.9093824434480611
0.916758842424387
0.7114769308516483
0.773123472303824
1.0601599735969423
0.7049944464452039
0.8258540310659189
0.8927259523491899
1.1811957987424906
0.8711925904206034
1.093323419801921
0.8499823364098127
0.8183316844438134
0.9807134678057428
0.7732195164902328
0.8899140752366131
1.0663001400074519
1.1487220612336033
0.8013954473305313
0.9970730696310756
0.8146088744642226
0.7146209176329384
0.9003193217183365
1.0640369095936957
1.0422267985582399
0.7548425656067378
0.8217370903968008
1.0793600537130783
0.8176930730747752
0.903799843723269
0.9369158182289505
1.0188337796881468
0.919749388603409
1.0414627880088425
1.0791399448191568
1.0111293370996286
1.1860684475241112
1.0238814152275402
0.9220227587997013
0.7088692169504148
0.7970472680197324
0.7693401894165339
0.9002340554974223
1.1849213634495093
1.1971676505771431
1.1028313696564416
0.9966120627465644
0.9877503153999166
0.8663860806667832
0.9845186873648737
1.0337165151812857
0.8637042802359799
1.1727032620308058
1.165051001995839
0.9135892661413977
1.0818813108202572
0.9735051455215722
1.0372951393266954
0.8233637061708527
0.8879094596912817
1.1781679170939523
0.7475858365807152
0.9139097001200251
1.110918694428964
1.1472086091305878
0.9894318735065837
1.1959300657912024
1.1972710710633359
1.063150064478811
1.0469566232810252
1.1262836345058482
1.021644207107345
1.1055368766421085
1.04081073841625
0.8063231035757757
1.1763700788950209
1.149943937815094
0.8111875044252882
1.1477342541676498
0.7118174941492037
0.7501038343021191
0.858090096770548
1.0363498296553855
0.7416045083570569
0.9714074653493547
0.7097201789942748
1.1734921192499643
0.7880744592484276
0.7172360649396925
1.1892936368411742
0.7900935338335489
0.8475781398758909
0.9593605781692681
0.9345523751511723
0.9299368350935842
0.8767535635264557
0.7468845923996364
0.8266249594692332
0.9141333501326502
1.0264378855257992
0.7817030967216265
0.8797163594756254
1.0105741274521116
1.087837729147793
1.1618131143669825
1.0336837229872429
0.7659572959958825
0.8114339516317485
0.7233479844455037
0.8700943593160386
0.850508760451164
1.0969979826489968
1.1944507815950423
0.9618127848531234
1.1954409938957835
0.8209295759508642
1.1988185461988645
1.0222868897803048
0.8977839297819507
1.065847038958933
1.1968415962024208
0.9501065732592257
1.0378220623622068
1.0252883407231135
1.0595936665906864
1.1741001500734427
0.8752974369021493
0.8191272964961539
0.9981003908870352
1.0083135873147988
0.9592937361301571
1.0250426022520083
1.184464372609982
0.7357434080824536
0.8359769760568149
1.0309459168699355
1.024867551625157
0.7789578387542558
1.118023082808942
0.9113097247758042
1.03166143186792
1.1413944544637853
0.832079783260661
1.145729111835571
1.1390811065140736
0.8335094117283964
0.8326464400342017
0.9017844229701882
0.7407233365624123
0.8304061997174612
0.8150393076531699
0.7004223438533518
0.7289962937717992
1.035798231429875
0.8112557141194521
0.7368909978982977
0.9352647981959581
0.8404218293874607
1.1382667985694574
0.8093820409496784
1.1386107501631124
0.8163091384376102
1.1696631238426394
0.896087615426698
0.9938928645701669
0.9521240743978772
1.096303410485848
0.7415574025505198
0.9212303911418117
0.7404025256727943
1.1879241168413897
0.8990143237291194
0.9792808366699597
1.1512960752621924
1.0384856727834877
1.0521624537662975
1.1219768564393267
1.0329654350746442
0.7994149955839723
0.9357509074281064
0.8619858249816206
0.7741957339973736
0.9444038257874022
1.1828919003859317
0.8088105345190982
0.796180521841572
0.723597431678011
0.9015018141778416
1.168108506594995
0.7842499674258389
0.9816075003421557
0.865369427433915
1.0087205028061947
1.0055617439382336
0.8155295187454433
1.0428911529578655
1.0965044108108648
1.14315572521501
1.1107474346088506
1.1255089657006339
0.8825509192625973
1.159078773531525
0.7194430512217123
0.8336612542112377
0.7626388233266632
0.8401452035765969
1.1637467301382172
1.0611643161897955
1.1072807954924646
1.0615545928251189
0.765165500624662
1.1796626364075966
0.8782996243429413
0.7591610058048414
1.1713892875924077
1.1629113855850135
1.1931908681490797
0.7587424769817351
1.003009511635141
0.8379836180761123
0.9583410364676819
1.0572388340483396
1.012333572755109
1.1674892969351154
0.7791239391109979
0.9750107705505331
1.092849944703734
1.1845050095720695
0.8549306887657688
1.1292142781567085
1.155421098255049
0.9685810431807895
0.7925432949791297
0.8029903505655662
0.8927803767812247
0.821090063296218
0.7404788931256492
0.9497950277466541
0.9365045189920699
0.7346071552094966
0.9032428936577559
1.0588071830128118
0.8134437858612479
0.9172084005637982
1.0192013964492777
1.0661703214757994
0.983234287085213
1.0320757937997216
1.1445565958903634
1.117355143586057
0.9268331894192889
0.8272980653085353
1.1510250118879384
0.8510909191940025
0.8926282948526777
0.7438788598713395
0.8086162937291932
0.7261726013022456
0.7355502333498201
0.8951908146120402
0.8000922827416926
0.9684983425468334
1.1210710340717294
1.1824100860771165
1.0720169592583209
1.0849292751877093
0.910487701699176
1.1802702709435295
0.9341358729885686
1.1781477203174995
0.8822159039792474
0.900321121088185
0.8658518810312046
0.9457384079630983
0.8733321074386245
0.9591458785013143
0.7922586568467506
1.0529909009670022
0.8537034440649968
1.1498970958853116
1.1614898703039698
0.9805368240182019
1.049719443573079
1.1663497852432367
1.041135006327232
0.7008811654453205
0.821539264547222
0.8885601258200636
1.1141061947648563
0.8094797238483381
1.114752815288268