0.9075377393133227
0.9736530030962707
0.8012866781609328
1.0230527609758822
0.9218594552288248
1.0049176782517262
1.0653618560902252
0.7407827969607521
1.013474046019839
1.103533143299761
1.0392234842950216
1.0523097899830904
1.003439059165637
1.0991269592500315
0.7227810685023545
1.1476701664490596
0.7620195299582494
0.8687137085754061
0.9237772358391603
1.1465313204708092
0.9260656878851139
1.1015489466626252
0.957960590084685
1.089026496705061
1.1088232111862464
0.8366934433767176
0.8905446513174533
0.7591230604476059
1.166412630781004
0.964522503587495
0.9764710548444852
1.1188044841595874
0.9079799404382574
0.8240261884917289
1.0623077507594654
1.1943954673916304
0.8246345954613583
0.7659945528008489
1.0312521054658634
1.034042218438553
1.1175446450917095
1.1704546671085372
1.0134627288073514
0.9601422054525214
0.7935675540648861
0.7335922412736173
0.7646925921684076
1.0364540264466033
0.7295775587383164
0.7903806136166623
0.9328225480431497
0.9942363060938498
1.0958529784347468
1.153791660393091
0.7331535744676938
1.0228842834030103
1.0081789058191277
0.7017634517089213
1.1473876469286388
0.9973120463850909
1.0153270689406053
0.8386645796832037
0.8941348967059299
0.7307921204578833
0.8527966290489751
1.0857223985246485
0.8992720466868217
0.9645677701055104
0.9324166208207453
0.873327480911769
0.9892706309522556
0.7132525429099063
0.8659577746845842
1.1406587431528425
0.74313471480166
1.054497954708277
0.8259233768873223
1.1512872519014823
0.76393205654518
0.9116288534707444
0.9308018596799618
0.8661598330846496
1.1500979894587966
1.1871085587918713
1.082844402874818
0.9297051813705935
1.0106151199788052
0.9410047139656111
1.038804220293116
1.1392368271890205
0.8351313678080841
1.0462136885408109
1.0246198269077214
0.9759486925432818
1.0968996618196365
1.1189500055406265
0.7809678212977919
0.8741669504443423
1.041079235471317
1.0557460543867052
1.1311042194178524
1.1440297031810576
0.7569426130859316
0.7529058726645238
1.0989883477551006
1.0905958981784416
1.0377932314331908
0.7921194419391694
1.1651545628231705
0.7485599145812875
1.0354615465575452
0.9113379294226184
0.7289048257172788
1.081028897842649
1.008496706833168
1.0692862897668007
1.103687703016492
0.8717471280417788
0.8063413023194971
0.9821891372187916
0.9963299183206242
1.0880177475321084
0.9072818296351948
1.0379836449297786
0.8803172523200917
1.1032813497346723
0.9590045341128848
0.8538367162366368
0.9796911369228994
0.9305046779928905
0.7492298819950057
0.9373820015084574
1.008516219420316
0.94942113538044
0.8263563707227805
1.0728348108882093
0.7995511813455127
1.1163109097077535
0.9468294029589909
0.8488418315066942
0.8298518261141816
1.084783596419752
0.7196143580443881
1.0765559429606029
0.7314900542041081
0.7486709640752828
0.9145676558076834
0.9296795885121611
0.9382389094345212
1.1814055203596605
0.8629675640588809
1.178959835578058
0.9520471964824229
0.9080817551677652
0.7585036367903446
0.9825496127934049
1.0725483756976213
0.9989551851930625
1.0239708606949192
0.9924107633302693
0.8862567094039187
0.9999842733993253
0.7825711000888683
1.1471063387738845
0.7584946125487159
0.9399413119351162
0.8293076237233037
1.1127140566799874
0.8305519712218931
0.9125073378887613
1.0346310311269395
1.1048939500338704
0.7471393177712505
0.8513811145860356
0.7064520743032824
1.1245914222195443
0.7778198957447826
1.0556513887555448
0.7462233388929898
1.0366154923743798
1.1069590881760059
1.0224619051721087
1.1996847396511372
0.8207506725149533
1.0027909539497801
0.9708365773509557
0.8228585093029404
1.1477803886008282
1.033235367492367
1.1360450128067612
1.056332796713631
1.0420911889551605
1.03693815511545
0.7533646829978701
0.8144401263079939
0.7501324040508442
0.7587102168832307
1.029586385067769
1.0163598525632849
0.7667612617242505
0.9564933372953405
1.0493069190079622
0.7002936822929682
0.98132205528888
1.0017861505146533
0.910003216200663
1.062615520513258
0.827584458897112
1.1259154970656255
0.9696058474738202
1.075484137518837
1.0011757513460626
0.8877145886019334
1.123803344937698
0.9805260466640109
1.0403430442510628
0.8814001718587383
0.8802187665356825
0.8462334708611652
1.1577726106443436